
sample ID, execution time, extra probe , dut probe
1 ,519 ,0.25436,1.27178
2 ,1023 ,0.27352,1.36761
3 ,1527 ,0.28191,1.40955
4 ,2031 ,0.48381,2.41906
5 ,2535 ,0.47392,2.36961
6 ,3039 ,0.34136,1.70680
7 ,3544 ,0.27778,1.38889
8 ,4048 ,0.58198,2.90989
9 ,4552 ,0.55694,2.78468
10 ,5056 ,0.47060,2.35301
11 ,5561 ,0.42480,2.12401
12 ,6066 ,0.28296,1.41481
13 ,6570 ,0.25837,1.29186
14 ,7074 ,0.25737,1.28685
15 ,7578 ,0.53715,2.68576
16 ,8082 ,0.56169,2.80847
17 ,8586 ,0.36859,1.84295
18 ,9092 ,0.41100,2.05499
19 ,9598 ,0.31415,1.57076
20 ,10102 ,0.27465,1.37324
21 ,10607 ,0.46653,2.33267
22 ,11112 ,0.59637,2.98186
23 ,11616 ,0.51661,2.58307
24 ,12121 ,0.37933,1.89667
25 ,12625 ,0.31052,1.55261
26 ,13131 ,0.32525,1.62623
27 ,13635 ,0.29543,1.47717
28 ,14139 ,0.28949,1.44743
29 ,14644 ,0.28840,1.44198
30 ,15149 ,0.28846,1.44229
31 ,15653 ,0.29506,1.47529
32 ,16158 ,0.30144,1.50722
33 ,16662 ,0.29932,1.49658
34 ,17166 ,0.29205,1.46026
35 ,17670 ,0.29358,1.46790
36 ,18175 ,0.29600,1.47998
37 ,18681 ,0.31929,1.59643
38 ,19186 ,0.29318,1.46590
39 ,19690 ,0.29230,1.46152
40 ,20195 ,0.29033,1.45166
41 ,20700 ,0.29726,1.48632
42 ,21204 ,0.30589,1.52944
43 ,21708 ,0.28579,1.42896
44 ,22212 ,0.28585,1.42927
45 ,22717 ,0.29825,1.49125
46 ,23221 ,0.29764,1.48820
47 ,23726 ,0.29121,1.45603
48 ,24231 ,0.29424,1.47122
49 ,24735 ,0.28279,1.41394
50 ,25239 ,0.27027,1.35133
51 ,25743 ,0.47555,2.37774
52 ,26247 ,0.50731,2.53654
53 ,26752 ,0.36323,1.81617
54 ,27256 ,0.36937,1.84685
55 ,27762 ,0.33613,1.68063
56 ,28268 ,0.35735,1.78674
57 ,28772 ,0.31641,1.58203
58 ,29276 ,0.31663,1.58313
59 ,29781 ,0.29105,1.45525
60 ,30285 ,0.28498,1.42489
61 ,30789 ,0.28899,1.44493
62 ,31293 ,0.28686,1.43428
63 ,31798 ,0.29096,1.45478
64 ,32303 ,0.30407,1.52036
65 ,32807 ,0.28316,1.41581
66 ,33311 ,0.28329,1.41644
67 ,33816 ,0.29431,1.47153
68 ,34320 ,0.28592,1.42959
69 ,34824 ,0.28696,1.43480
70 ,35329 ,0.28949,1.44743
71 ,35833 ,0.29506,1.47529
72 ,36337 ,0.28961,1.44806
73 ,36841 ,0.33049,1.65246
74 ,37348 ,0.27928,1.39641
75 ,37852 ,0.28327,1.41637
76 ,38357 ,0.28517,1.42583
77 ,38861 ,0.29136,1.45682
78 ,39365 ,0.28780,1.43898
79 ,39869 ,0.29005,1.45025
80 ,40374 ,0.29358,1.46790
81 ,40880 ,0.49505,2.47526
82 ,41384 ,0.45007,2.25034
83 ,41888 ,0.34207,1.71037
84 ,42392 ,0.30457,1.52287
85 ,42896 ,0.30345,1.51723
86 ,43401 ,0.29014,1.45072
87 ,43906 ,0.29352,1.46759
88 ,44410 ,0.29869,1.49344
89 ,44914 ,0.28729,1.43647
90 ,45419 ,0.25925,1.29624
91 ,45923 ,0.34765,1.73823
92 ,46430 ,0.36185,1.80923
93 ,46935 ,0.33992,1.69961
94 ,47439 ,0.35234,1.76171
95 ,47943 ,0.32329,1.61646
96 ,48447 ,0.31259,1.56294
97 ,48951 ,0.29111,1.45557
98 ,49456 ,0.29327,1.46634
99 ,49960 ,0.29381,1.46903
100 ,50465 ,0.29881,1.49407
101 ,50969 ,0.29099,1.45494
102 ,51473 ,0.28423,1.42114
103 ,51978 ,0.29514,1.47570
104 ,52483 ,0.29039,1.45197
105 ,52987 ,0.29756,1.48781
106 ,53492 ,0.29180,1.45901
107 ,53996 ,0.32004,1.60019
108 ,54500 ,0.30595,1.52975
109 ,55005 ,0.28284,1.41418
110 ,55513 ,0.29620,1.48101
111 ,56017 ,0.26638,1.33192
112 ,56521 ,0.30132,1.50659
113 ,57026 ,0.25981,1.29906
114 ,57530 ,0.23984,1.19920
115 ,58035 ,0.23531,1.17654
116 ,58539 ,0.23327,1.16633
117 ,59044 ,0.27277,1.36385
118 ,59548 ,0.25862,1.29311
119 ,60052 ,0.25205,1.26024
120 ,60556 ,0.24084,1.20421
121 ,61061 ,0.24805,1.24024
122 ,61566 ,0.29650,1.48249
123 ,62070 ,0.23946,1.19732
124 ,62575 ,0.26945,1.34726
125 ,63080 ,0.35423,1.77113
126 ,63584 ,0.32275,1.61373
127 ,64092 ,0.29439,1.47196
128 ,64597 ,0.22926,1.14630
129 ,65101 ,0.23364,1.16821
130 ,65606 ,0.23802,1.19012
131 ,66110 ,0.25662,1.28309
132 ,66615 ,0.28103,1.40513
133 ,67120 ,0.24218,1.21089
134 ,67625 ,0.26476,1.32378
135 ,68129 ,0.25537,1.27683
136 ,68633 ,0.23139,1.15694
137 ,69137 ,0.22425,1.12125
138 ,69641 ,0.23168,1.15842
139 ,70146 ,0.24022,1.20108
140 ,70650 ,0.25011,1.25054
141 ,71155 ,0.24504,1.22518
142 ,71659 ,0.31954,1.59768
143 ,72163 ,0.24710,1.23551
144 ,72667 ,0.24773,1.23864
145 ,73174 ,0.27358,1.36792
146 ,73678 ,0.23615,1.18073
147 ,74182 ,0.23295,1.16477
148 ,74687 ,0.23264,1.16320
149 ,75193 ,0.23087,1.15436
150 ,75697 ,0.23806,1.19028
151 ,76201 ,0.24779,1.23896
152 ,76707 ,0.32144,1.60718
153 ,77211 ,0.33024,1.65121
154 ,77715 ,0.30263,1.51317
155 ,78220 ,0.32156,1.60780
156 ,78725 ,0.30370,1.51849
157 ,79229 ,0.29337,1.46684
158 ,79734 ,0.29719,1.48593
159 ,80238 ,0.29431,1.47153
160 ,80742 ,0.28792,1.43960
161 ,81247 ,0.29689,1.48445
162 ,81752 ,0.28883,1.44416
163 ,82259 ,0.29700,1.48499
164 ,82764 ,0.29318,1.46590
165 ,83268 ,0.28535,1.42677
166 ,83772 ,0.46315,2.31577
167 ,84277 ,0.43586,2.17928
168 ,84782 ,0.41368,2.06842
169 ,85286 ,0.29994,1.49971
170 ,85791 ,0.31722,1.58610
171 ,86295 ,0.33744,1.68721
172 ,86799 ,0.31835,1.59173
173 ,87304 ,0.30207,1.51037
174 ,87808 ,0.30007,1.50033
175 ,88312 ,0.33312,1.66561
176 ,88817 ,0.29706,1.48531
177 ,89321 ,0.28454,1.42270
178 ,89825 ,0.31332,1.56658
179 ,90331 ,0.33549,1.67744
180 ,90837 ,0.31115,1.55574
181 ,91342 ,0.29969,1.49845
182 ,91846 ,0.26751,1.33756
183 ,92351 ,0.26125,1.30626
184 ,92855 ,0.24899,1.24493
185 ,93361 ,0.23781,1.18903
186 ,93865 ,0.23533,1.17666
187 ,94370 ,0.24792,1.23958
188 ,94874 ,0.32617,1.63086
189 ,95378 ,0.29356,1.46778
190 ,95883 ,0.28552,1.42761
191 ,96388 ,0.28165,1.40825
192 ,96893 ,0.29606,1.48030
193 ,97397 ,0.26714,1.33568
194 ,97901 ,0.26344,1.31721
195 ,98406 ,0.27008,1.35039
196 ,98910 ,0.26298,1.31488
197 ,99416 ,0.25292,1.26460
198 ,99922 ,0.38815,1.94076
199 ,100427 ,0.25530,1.27652
200 ,100931 ,0.28780,1.43898
201 ,101436 ,0.24742,1.23708
202 ,101940 ,0.24449,1.22244
203 ,102445 ,0.24341,1.21704
204 ,102949 ,0.26138,1.30688
205 ,103454 ,0.41557,2.07786
206 ,103958 ,0.31684,1.58422
207 ,104463 ,0.27089,1.35446
208 ,104967 ,0.35804,1.79018
209 ,105471 ,0.38070,1.90351
210 ,105976 ,0.46566,2.32829
211 ,106480 ,0.56570,2.82850
212 ,106984 ,0.45019,2.25097
213 ,107489 ,0.33886,1.69430
214 ,107994 ,0.31906,1.59531
215 ,108501 ,0.29800,1.49000
216 ,109005 ,0.29374,1.46872
217 ,109510 ,0.29813,1.49063
218 ,110014 ,0.29174,1.45870
219 ,110519 ,0.30014,1.50069
220 ,111024 ,0.29739,1.48695
221 ,111528 ,0.29856,1.49282
222 ,112033 ,0.29299,1.46496
223 ,112537 ,0.29706,1.48531
224 ,113042 ,0.29005,1.45025
225 ,113546 ,0.29164,1.45822
226 ,114052 ,0.29064,1.45322
227 ,114556 ,0.29212,1.46058
228 ,115061 ,0.29036,1.45181
229 ,115565 ,0.28717,1.43585
230 ,116069 ,0.28460,1.42301
231 ,116574 ,0.28396,1.41981
232 ,117082 ,0.30470,1.52348
233 ,117586 ,0.28899,1.44493
234 ,118091 ,0.28780,1.43898
235 ,118595 ,0.28185,1.40924
236 ,119100 ,0.26676,1.33380
237 ,119604 ,0.30382,1.51911
238 ,120110 ,0.44210,2.21051
239 ,120614 ,0.42628,2.13139
240 ,121119 ,0.42177,2.10885
241 ,121623 ,0.29731,1.48656
242 ,122127 ,0.31515,1.57577
243 ,122632 ,0.27697,1.38483
244 ,123136 ,0.28673,1.43366
245 ,123641 ,0.27722,1.38608
246 ,124145 ,0.27690,1.38451
247 ,124649 ,0.27621,1.38107
248 ,125155 ,0.28090,1.40450
249 ,125662 ,0.28377,1.41887
250 ,126168 ,0.28715,1.43573
251 ,126672 ,0.28817,1.44086
252 ,127176 ,0.27553,1.37763
253 ,127681 ,0.31284,1.56419
254 ,128185 ,0.37219,1.86094
255 ,128690 ,0.52311,2.61555

sample ID, execution time, extra probe , dut probe
1 ,505 ,0.27909,1.39547
2 ,1009 ,0.53254,2.66270
3 ,1513 ,0.53659,2.68294
4 ,2017 ,0.44750,2.23751
5 ,2521 ,0.34270,1.71350
6 ,3025 ,0.27221,1.36104
7 ,3529 ,0.25992,1.29958
8 ,4035 ,0.26903,1.34517
9 ,4539 ,0.24585,1.22925
10 ,5043 ,0.25568,1.27840
11 ,5550 ,0.25280,1.26400
12 ,6054 ,0.28391,1.41957
13 ,6558 ,0.37733,1.88667
14 ,7063 ,0.47383,2.36916
15 ,7567 ,0.43235,2.16176
16 ,8071 ,0.33569,1.67844
17 ,8576 ,0.30896,1.54478
18 ,9080 ,0.28673,1.43366
19 ,9584 ,0.30545,1.52723
20 ,10088 ,0.34608,1.73040
21 ,10592 ,0.34032,1.70161
22 ,11096 ,0.30883,1.54415
23 ,11600 ,0.32480,1.62398
24 ,12105 ,0.29883,1.49413
25 ,12610 ,0.32450,1.62248
26 ,13114 ,0.30758,1.53789
27 ,13618 ,0.28567,1.42833
28 ,14123 ,0.29199,1.45995
29 ,14627 ,0.28316,1.41581
30 ,15134 ,0.30064,1.50319
31 ,15639 ,0.29327,1.46634
32 ,16143 ,0.29468,1.47341
33 ,16647 ,0.29330,1.46652
34 ,17152 ,0.29362,1.46809
35 ,17656 ,0.28792,1.43960
36 ,18160 ,0.31213,1.56065
37 ,18664 ,0.29506,1.47529
38 ,19169 ,0.28041,1.40204
39 ,19673 ,0.24698,1.23489
40 ,20177 ,0.25092,1.25461
41 ,20682 ,0.23662,1.18309
42 ,21187 ,0.25173,1.25867
43 ,21692 ,0.24153,1.20765
44 ,22196 ,0.26908,1.34538
45 ,22700 ,0.29575,1.47873
46 ,23204 ,0.25105,1.25523
47 ,23708 ,0.25324,1.26619
48 ,24216 ,0.23987,1.19933
49 ,24720 ,0.24285,1.21423
50 ,25225 ,0.23884,1.19419
51 ,25729 ,0.24103,1.20515
52 ,26233 ,0.24360,1.21798
53 ,26738 ,0.26354,1.31769
54 ,27243 ,0.25255,1.26273
55 ,27747 ,0.40236,2.01182
56 ,28251 ,0.41031,2.05157
57 ,28756 ,0.33350,1.66749
58 ,29261 ,0.34704,1.73521
59 ,29765 ,0.31244,1.56221
60 ,30269 ,0.31904,1.59518
61 ,30773 ,0.29299,1.46496
62 ,31278 ,0.29525,1.47623
63 ,31782 ,0.32736,1.63681
64 ,32286 ,0.36940,1.84701
65 ,32791 ,0.39070,1.95350
66 ,33298 ,0.33563,1.67813
67 ,33802 ,0.29406,1.47028
68 ,34307 ,0.29061,1.45306
69 ,34811 ,0.31547,1.57734
70 ,35315 ,0.30226,1.51130
71 ,35821 ,0.31026,1.55128
72 ,36325 ,0.31641,1.58203
73 ,36829 ,0.29831,1.49157
74 ,37333 ,0.28892,1.44461
75 ,37838 ,0.28679,1.43397
76 ,38342 ,0.29345,1.46727
77 ,38846 ,0.28873,1.44367
78 ,39350 ,0.28460,1.42301
79 ,39855 ,0.27972,1.39860
80 ,40359 ,0.28723,1.43616
81 ,40863 ,0.28484,1.42418
82 ,41369 ,0.30720,1.53598
83 ,41873 ,0.28103,1.40517
84 ,42380 ,0.27477,1.37387
85 ,42884 ,0.29255,1.46277
86 ,43388 ,0.35998,1.79990
87 ,43892 ,0.30120,1.50600
88 ,44398 ,0.30095,1.50475
89 ,44902 ,0.28755,1.43773
90 ,45406 ,0.29330,1.46652
91 ,45910 ,0.29456,1.47278
92 ,46415 ,0.28861,1.44305
93 ,46919 ,0.29508,1.47539
94 ,47424 ,0.29783,1.48913
95 ,47929 ,0.29600,1.47999
96 ,48433 ,0.29080,1.45400
97 ,48937 ,0.26707,1.33537
98 ,49441 ,0.25217,1.26087
99 ,49946 ,0.23325,1.16623
100 ,50450 ,0.22751,1.13753
101 ,50955 ,0.19282,0.96412
102 ,51459 ,0.19395,0.96975
103 ,51966 ,0.21060,1.05302
104 ,52472 ,0.18740,0.93701
105 ,52976 ,0.22550,1.12751
106 ,53481 ,0.29756,1.48781
107 ,53985 ,0.30332,1.51661
108 ,54489 ,0.30151,1.50753
109 ,54994 ,0.30182,1.50910
110 ,55498 ,0.38064,1.90322
111 ,56003 ,0.30201,1.51006
112 ,56508 ,0.29061,1.45306
113 ,57012 ,0.32073,1.60363
114 ,57516 ,0.28742,1.43710
115 ,58020 ,0.28028,1.40142
116 ,58525 ,0.29377,1.46883
117 ,59030 ,0.29320,1.46602
118 ,59535 ,0.27196,1.35978
119 ,60039 ,0.28297,1.41487
120 ,60546 ,0.27252,1.36260
121 ,61050 ,0.28110,1.40548
122 ,61555 ,0.29295,1.46477
123 ,62060 ,0.27665,1.38327
124 ,62565 ,0.25455,1.27276
125 ,63069 ,0.31065,1.55323
126 ,63573 ,0.26175,1.30876
127 ,64078 ,0.26507,1.32535
128 ,64582 ,0.26279,1.31394
129 ,65087 ,0.27690,1.38451
130 ,65591 ,0.27734,1.38670
131 ,66095 ,0.25605,1.28027
132 ,66600 ,0.26995,1.34977
133 ,67105 ,0.26660,1.33299
134 ,67610 ,0.25710,1.28552
135 ,68114 ,0.30846,1.54228
136 ,68618 ,0.30689,1.53445
137 ,69123 ,0.24416,1.22080
138 ,69630 ,0.24410,1.22049
139 ,70135 ,0.26922,1.34611
140 ,70640 ,0.25492,1.27459
141 ,71144 ,0.24266,1.21329
142 ,71649 ,0.24967,1.24835
143 ,72153 ,0.24704,1.23520
144 ,72657 ,0.24366,1.21830
145 ,73162 ,0.27609,1.38046
146 ,73667 ,0.28540,1.42699
147 ,74172 ,0.28698,1.43491
148 ,74676 ,0.28110,1.40548
149 ,75180 ,0.26526,1.32629
150 ,75685 ,0.23439,1.17197
151 ,76189 ,0.27747,1.38733
152 ,76694 ,0.24616,1.23082
153 ,77198 ,0.23840,1.19200
154 ,77702 ,0.24648,1.23238
155 ,78207 ,0.27596,1.37982
156 ,78714 ,0.32392,1.61959
157 ,79218 ,0.27878,1.39389
158 ,79724 ,0.31763,1.58813
159 ,80228 ,0.30395,1.51974
160 ,80732 ,0.30864,1.54321
161 ,81236 ,0.30983,1.54916
162 ,81741 ,0.28323,1.41613
163 ,82245 ,0.27778,1.38889
164 ,82750 ,0.28554,1.42771
165 ,83254 ,0.29168,1.45839
166 ,83758 ,0.27152,1.35759
167 ,84263 ,0.26914,1.34570
168 ,84767 ,0.31382,1.56908
169 ,85273 ,0.26822,1.34111
170 ,85777 ,0.27283,1.36416
171 ,86281 ,0.26782,1.33912
172 ,86786 ,0.26520,1.32598
173 ,87292 ,0.26551,1.32754
174 ,87797 ,0.26679,1.33393
175 ,88303 ,0.26547,1.32737
176 ,88807 ,0.26538,1.32692
177 ,89311 ,0.27302,1.36510
178 ,89816 ,0.27903,1.39515
179 ,90320 ,0.27383,1.36917
180 ,90825 ,0.26710,1.33549
181 ,91330 ,0.27085,1.35423
182 ,91834 ,0.29224,1.46120
183 ,92339 ,0.26977,1.34883
184 ,92843 ,0.27252,1.36260
185 ,93348 ,0.25399,1.26994
186 ,93852 ,0.33874,1.69368
187 ,94357 ,0.27659,1.38296
188 ,94862 ,0.19508,0.97539
189 ,95366 ,0.20403,1.02015
190 ,95871 ,0.23997,1.19983
191 ,96378 ,0.25512,1.27558
192 ,96882 ,0.20726,1.03632
193 ,97387 ,0.19702,0.98509
194 ,97891 ,0.19451,0.97257
195 ,98396 ,0.18337,0.91685
196 ,98900 ,0.23020,1.15099
197 ,99404 ,0.23252,1.16258
198 ,99909 ,0.23880,1.19402
199 ,100414 ,0.23684,1.18418
200 ,100918 ,0.23777,1.18887
201 ,101422 ,0.26532,1.32660
202 ,101927 ,0.23665,1.18324
203 ,102433 ,0.24105,1.20527
204 ,102937 ,0.25442,1.27210
205 ,103442 ,0.23608,1.18042
206 ,103946 ,0.24854,1.24271
207 ,104451 ,0.30032,1.50158
208 ,104957 ,0.33813,1.69065
209 ,105463 ,0.56233,2.81166
210 ,105967 ,0.35466,1.77331
211 ,106472 ,0.25587,1.27934
212 ,106976 ,0.24660,1.23301
213 ,107481 ,0.24047,1.20233
214 ,107985 ,0.23746,1.18731
215 ,108490 ,0.23793,1.18965
216 ,108996 ,0.25486,1.27428
217 ,109500 ,0.26839,1.34194
218 ,110005 ,0.19589,0.97946
219 ,110509 ,0.18644,0.93219
220 ,111014 ,0.19808,0.99041
221 ,111519 ,0.17866,0.89329
222 ,112024 ,0.19028,0.95138
223 ,112529 ,0.17761,0.88805
224 ,113033 ,0.17930,0.89651
225 ,113540 ,0.18650,0.93250
226 ,114045 ,0.20691,1.03455
227 ,114549 ,0.25161,1.25804
228 ,115054 ,0.25699,1.28497
229 ,115558 ,0.24335,1.21673
230 ,116063 ,0.27377,1.36886
231 ,116567 ,0.28548,1.42740
232 ,117072 ,0.26776,1.33881
233 ,117576 ,0.24799,1.23993
234 ,118082 ,0.24586,1.22931
235 ,118586 ,0.24504,1.22518
236 ,119091 ,0.28091,1.40455
237 ,119595 ,0.24040,1.20202
238 ,120100 ,0.25192,1.25961
239 ,120604 ,0.23375,1.16873
240 ,121110 ,0.25948,1.29739
241 ,121615 ,0.24979,1.24897
242 ,122122 ,0.23740,1.18699
243 ,122626 ,0.24785,1.23927
244 ,123131 ,0.25868,1.29342
245 ,123635 ,0.23050,1.15249
246 ,124140 ,0.23502,1.17510
247 ,124644 ,0.24034,1.20170
248 ,125149 ,0.28798,1.43992
249 ,125653 ,0.25023,1.25116
250 ,126158 ,0.23427,1.17134
251 ,126662 ,0.25667,1.28334
252 ,127167 ,0.23702,1.18511
253 ,127671 ,0.25136,1.25680
254 ,128176 ,0.24992,1.24960
255 ,128680 ,0.24522,1.22612
256 ,129186 ,0.26947,1.34736
257 ,129691 ,0.26722,1.33611
258 ,130195 ,0.29124,1.45619
259 ,130702 ,0.28755,1.43773
260 ,131206 ,0.24572,1.22862
261 ,131711 ,0.26106,1.30532
262 ,132215 ,0.25793,1.28966
263 ,132719 ,0.24147,1.20734
264 ,133223 ,0.24241,1.21203
265 ,133728 ,0.23965,1.19826
266 ,134232 ,0.24472,1.22362
267 ,134737 ,0.24272,1.21360
268 ,135242 ,0.26085,1.30426

sample ID, execution time, extra probe , dut probe
1 ,505 ,0.54235,2.71173
2 ,1009 ,0.48675,2.43377
3 ,1513 ,0.31015,1.55073
4 ,2017 ,0.27296,1.36479
5 ,2522 ,0.25818,1.29092
6 ,3026 ,0.24899,1.24493
7 ,3531 ,0.22806,1.14031
8 ,4038 ,0.22507,1.12533
9 ,4542 ,0.23533,1.17666
10 ,5047 ,0.24191,1.20953
11 ,5551 ,0.29274,1.46371
12 ,6055 ,0.24830,1.24149
13 ,6559 ,0.23421,1.17103
14 ,7064 ,0.23101,1.15506
15 ,7568 ,0.23189,1.15945
16 ,8072 ,0.23471,1.17353
17 ,8578 ,0.22469,1.12345
18 ,9082 ,0.22169,1.10846
19 ,9586 ,0.28585,1.42927
20 ,10090 ,0.26807,1.34037
21 ,10595 ,0.26726,1.33631
22 ,11099 ,0.28078,1.40392
23 ,11603 ,0.28633,1.43167
24 ,12109 ,0.25467,1.27334
25 ,12613 ,0.25912,1.29561
26 ,13120 ,0.22801,1.14004
27 ,13624 ,0.22901,1.14505
28 ,14129 ,0.22957,1.14786
29 ,14633 ,0.23350,1.16748
30 ,15139 ,0.23044,1.15218
31 ,15643 ,0.24228,1.21141
32 ,16147 ,0.28272,1.41362
33 ,16651 ,0.33857,1.69284
34 ,17157 ,0.28702,1.43511
35 ,17661 ,0.29789,1.48945
36 ,18167 ,0.36566,1.82828
37 ,18672 ,0.36297,1.81485
38 ,19176 ,0.34301,1.71507
39 ,19680 ,0.38076,1.90382
40 ,20184 ,0.38076,1.90382
41 ,20688 ,0.36940,1.84701
42 ,21192 ,0.29618,1.48092
43 ,21697 ,0.29243,1.46214
44 ,22201 ,0.28285,1.41425
45 ,22707 ,0.28604,1.43021
46 ,23213 ,0.29789,1.48945
47 ,23717 ,0.29127,1.45634
48 ,24221 ,0.27146,1.35728
49 ,24726 ,0.28999,1.44993
50 ,25230 ,0.30044,1.50221
51 ,25734 ,0.29781,1.48906
52 ,26238 ,0.34023,1.70117
53 ,26744 ,0.32924,1.64621
54 ,27248 ,0.28222,1.41112
55 ,27752 ,0.28924,1.44618
56 ,28256 ,0.28648,1.43240
57 ,28761 ,0.28592,1.42959
58 ,29265 ,0.28583,1.42917
59 ,29769 ,0.29362,1.46809
60 ,30274 ,0.29305,1.46527
61 ,30778 ,0.29017,1.45087
62 ,31282 ,0.27891,1.39453
63 ,31789 ,0.27521,1.37606
64 ,32293 ,0.28452,1.42262
65 ,32797 ,0.27765,1.38827
66 ,33302 ,0.28379,1.41894
67 ,33806 ,0.30326,1.51630
68 ,34310 ,0.28930,1.44649
69 ,34814 ,0.31519,1.57595
70 ,35320 ,0.33549,1.67744
71 ,35824 ,0.30702,1.53508
72 ,36328 ,0.30495,1.52475
73 ,36832 ,0.30038,1.50190
74 ,37336 ,0.28110,1.40548
75 ,37841 ,0.29014,1.45072
76 ,38345 ,0.29644,1.48218
77 ,38849 ,0.27803,1.39015
78 ,39353 ,0.28191,1.40955
79 ,39858 ,0.27446,1.37230
80 ,40362 ,0.29801,1.49007
81 ,40870 ,0.29027,1.45135
82 ,41374 ,0.27884,1.39422
83 ,41879 ,0.27797,1.38983
84 ,42383 ,0.28817,1.44086
85 ,42887 ,0.28905,1.44524
86 ,43391 ,0.27921,1.39607
87 ,43897 ,0.28115,1.40575
88 ,44401 ,0.27546,1.37731
89 ,44905 ,0.26463,1.32316
90 ,45410 ,0.49427,2.47134
91 ,45914 ,0.29393,1.46965
92 ,46418 ,0.26835,1.34173
93 ,46924 ,0.25317,1.26585
94 ,47428 ,0.24115,1.20577
95 ,47932 ,0.23853,1.19263
96 ,48437 ,0.24253,1.21266
97 ,48941 ,0.24053,1.20264
98 ,49446 ,0.24742,1.23712
99 ,49950 ,0.23577,1.17885
100 ,50458 ,0.34236,1.71179
101 ,50962 ,0.42133,2.10666
102 ,51466 ,0.50159,2.50796
103 ,51970 ,0.45677,2.28384
104 ,52475 ,0.34386,1.71929
105 ,52979 ,0.32980,1.64902
106 ,53483 ,0.29888,1.49438
107 ,53988 ,0.35372,1.76859
108 ,54492 ,0.32567,1.62836
109 ,54996 ,0.29327,1.46634
110 ,55502 ,0.30395,1.51974
111 ,56006 ,0.29368,1.46840
112 ,56510 ,0.31290,1.56450
113 ,57015 ,0.30332,1.51661
114 ,57519 ,0.30007,1.50033
115 ,58023 ,0.30626,1.53129
116 ,58528 ,0.29550,1.47748
117 ,59034 ,0.29700,1.48499
118 ,59539 ,0.29813,1.49063
119 ,60043 ,0.29575,1.47873
120 ,60547 ,0.31559,1.57796
121 ,61052 ,0.32980,1.64902
122 ,61556 ,0.29662,1.48312
123 ,62060 ,0.29462,1.47310
124 ,62565 ,0.29324,1.46621
125 ,63069 ,0.28986,1.44931
126 ,63573 ,0.29246,1.46228
127 ,64079 ,0.30276,1.51380
128 ,64583 ,0.29575,1.47873
129 ,65088 ,0.27728,1.38639
130 ,65592 ,0.27740,1.38702
131 ,66096 ,0.26695,1.33474
132 ,66601 ,0.24749,1.23743
133 ,67106 ,0.24792,1.23962
134 ,67611 ,0.23370,1.16852
135 ,68118 ,0.24197,1.20984
136 ,68622 ,0.23884,1.19419
137 ,69127 ,0.23959,1.19795
138 ,69631 ,0.23681,1.18403
139 ,70137 ,0.25073,1.25367
140 ,70641 ,0.30683,1.53414
141 ,71145 ,0.24335,1.21673
142 ,71650 ,0.24560,1.22800
143 ,72154 ,0.23214,1.16070
144 ,72658 ,0.24015,1.20077
145 ,73163 ,0.25211,1.26054
146 ,73668 ,0.25311,1.26556
147 ,74172 ,0.24191,1.20953
148 ,74677 ,0.27984,1.39922
149 ,75181 ,0.27421,1.37105
150 ,75685 ,0.45497,2.27485
151 ,76189 ,0.45946,2.29729
152 ,76694 ,0.41276,2.06378
153 ,77201 ,0.32649,1.63243
154 ,77705 ,0.30157,1.50784
155 ,78210 ,0.31700,1.58500
156 ,78715 ,0.28883,1.44416
157 ,79219 ,0.29324,1.46621
158 ,79723 ,0.28723,1.43616
159 ,80228 ,0.28617,1.43084
160 ,80732 ,0.28742,1.43710
161 ,81236 ,0.30032,1.50162
162 ,81742 ,0.28296,1.41481
163 ,82246 ,0.28448,1.42239
164 ,82750 ,0.28792,1.43960
165 ,83255 ,0.28128,1.40642
166 ,83759 ,0.28010,1.40048
167 ,84264 ,0.28315,1.41575
168 ,84769 ,0.32387,1.61936
169 ,85273 ,0.31490,1.57452
170 ,85780 ,0.31259,1.56294
171 ,86284 ,0.29111,1.45557
172 ,86789 ,0.30194,1.50972
173 ,87293 ,0.29083,1.45416
174 ,87799 ,0.28958,1.44791
175 ,88303 ,0.28704,1.43522
176 ,88807 ,0.29061,1.45306
177 ,89312 ,0.28686,1.43428
178 ,89816 ,0.27490,1.37450
179 ,90321 ,0.28752,1.43761
180 ,90826 ,0.60131,3.00653
181 ,91330 ,0.45301,2.26505
182 ,91834 ,0.37475,1.87377
183 ,92339 ,0.33675,1.68376
184 ,92843 ,0.31044,1.55221
185 ,93349 ,0.32362,1.61811
186 ,93853 ,0.28291,1.41456
187 ,94357 ,0.28817,1.44086
188 ,94864 ,0.27922,1.39609
189 ,95368 ,0.26933,1.34664
190 ,95874 ,0.27822,1.39108
191 ,96378 ,0.28409,1.42043
192 ,96882 ,0.30044,1.50221
193 ,97388 ,0.29302,1.46509
194 ,97892 ,0.29212,1.46058
195 ,98396 ,0.29474,1.47372
196 ,98901 ,0.29502,1.47508
197 ,99406 ,0.28852,1.44260
198 ,99910 ,0.30476,1.52381
199 ,100416 ,0.31313,1.56564
200 ,100920 ,0.30733,1.53664
201 ,101425 ,0.29368,1.46840
202 ,101929 ,0.28983,1.44916
203 ,102435 ,0.28677,1.43386
204 ,102939 ,0.28848,1.44242
205 ,103446 ,0.29493,1.47466
206 ,103951 ,0.30182,1.50910
207 ,104455 ,0.29543,1.47717
208 ,104960 ,0.27291,1.36453
209 ,105465 ,0.32000,1.59999
210 ,105969 ,0.35866,1.79332
211 ,106474 ,0.33381,1.66905
212 ,106978 ,0.33250,1.66248
213 ,107482 ,0.29474,1.47372
214 ,107987 ,0.32662,1.63310
215 ,108492 ,0.29614,1.48070
216 ,108997 ,0.29193,1.45964
217 ,109501 ,0.29061,1.45306
218 ,110005 ,0.28410,1.42051
219 ,110510 ,0.28999,1.44993
220 ,111015 ,0.28890,1.44448
221 ,111519 ,0.29036,1.45181
222 ,112026 ,0.29894,1.49470
223 ,112530 ,0.29130,1.45651
224 ,113034 ,0.28817,1.44086
225 ,113539 ,0.28097,1.40486
226 ,114043 ,0.27540,1.37702
227 ,114548 ,0.32285,1.61427
228 ,115052 ,0.25155,1.25774
229 ,115557 ,0.26094,1.30469
230 ,116061 ,0.24898,1.24490
231 ,116567 ,0.28340,1.41700
232 ,117071 ,0.23762,1.18809
233 ,117576 ,0.23790,1.18950
234 ,118080 ,0.24078,1.20390
235 ,118585 ,0.23590,1.17948
236 ,119089 ,0.26000,1.30000
237 ,119594 ,0.44598,2.22988
238 ,120099 ,0.52298,2.61492
239 ,120606 ,0.53033,2.65164
240 ,121110 ,0.37419,1.87095
241 ,121614 ,0.32473,1.62366
242 ,122119 ,0.30101,1.50503
243 ,122623 ,0.30101,1.50506
244 ,123129 ,0.29133,1.45666
245 ,123633 ,0.29287,1.46433
246 ,124138 ,0.29086,1.45432
247 ,124642 ,0.29218,1.46089
248 ,125146 ,0.29130,1.45651
249 ,125651 ,0.32056,1.60280
250 ,126156 ,0.29595,1.47976
251 ,126661 ,0.29600,1.47998
252 ,127165 ,0.31403,1.57014
253 ,127670 ,0.30727,1.53633
254 ,128174 ,0.31465,1.57327
255 ,128678 ,0.29695,1.48476
256 ,129185 ,0.29788,1.48938

sample ID, execution time, extra probe , dut probe
1 ,505 ,0.63363,3.16814
2 ,1009 ,0.75095,3.75477
3 ,1513 ,0.57851,2.89255
4 ,2017 ,0.55556,2.77779
5 ,2521 ,0.45833,2.29166
6 ,3025 ,0.40299,2.01495
7 ,3529 ,0.47223,2.36115
8 ,4033 ,0.47489,2.37446
9 ,4538 ,0.41287,2.06436
10 ,5043 ,0.40906,2.04531
11 ,5547 ,0.40556,2.02778
12 ,6052 ,0.40582,2.02908
13 ,6556 ,0.40806,2.04030
14 ,7060 ,0.42518,2.12588
15 ,7564 ,0.47574,2.37868
16 ,8068 ,0.41307,2.06534
17 ,8572 ,0.42797,2.13984
18 ,9079 ,0.41908,2.09539
19 ,9583 ,0.40092,2.00462
20 ,10087 ,0.41756,2.08779
21 ,10591 ,0.30783,1.53915
22 ,11096 ,0.28423,1.42114
23 ,11600 ,0.32630,1.63149
24 ,12104 ,0.56151,2.80753
25 ,12608 ,0.34979,1.74895
26 ,13113 ,0.41106,2.05531
27 ,13618 ,0.36611,1.83057
28 ,14123 ,0.32849,1.64246
29 ,14627 ,0.32836,1.64182
30 ,15131 ,0.31027,1.55135
31 ,15636 ,0.32831,1.64153
32 ,16140 ,0.30457,1.52287
33 ,16644 ,0.31215,1.56074
34 ,17148 ,0.31303,1.56513
35 ,17652 ,0.31860,1.59299
36 ,18159 ,0.30057,1.50284
37 ,18663 ,0.31931,1.59656
38 ,19168 ,0.29938,1.49689
39 ,19672 ,0.29831,1.49157
40 ,20176 ,0.29474,1.47372
41 ,20680 ,0.30044,1.50221
42 ,21185 ,0.30595,1.52973
43 ,21690 ,0.31188,1.55940
44 ,22194 ,0.31108,1.55542
45 ,22698 ,0.29399,1.46997
46 ,23203 ,0.29906,1.49532
47 ,23707 ,0.29393,1.46965
48 ,24211 ,0.29645,1.48226
49 ,24715 ,0.30338,1.51692
50 ,25220 ,0.30032,1.50158
51 ,25724 ,0.29105,1.45526
52 ,26228 ,0.27202,1.36010
53 ,26732 ,0.31738,1.58688
54 ,27240 ,0.36928,1.84639
55 ,27744 ,0.32717,1.63587
56 ,28249 ,0.36029,1.80146
57 ,28753 ,0.31634,1.58172
58 ,29257 ,0.29593,1.47967
59 ,29761 ,0.29945,1.49725
60 ,30267 ,0.28583,1.42917
61 ,30771 ,0.29474,1.47372
62 ,31275 ,0.30363,1.51817
63 ,31779 ,0.29781,1.48906
64 ,32284 ,0.28911,1.44555
65 ,32788 ,0.29564,1.47820
66 ,33292 ,0.28880,1.44399
67 ,33796 ,0.31133,1.55667
68 ,34301 ,0.28492,1.42458
69 ,34805 ,0.30245,1.51223
70 ,35309 ,0.29427,1.47133
71 ,35814 ,0.29664,1.48320
72 ,36319 ,0.29518,1.47591
73 ,36825 ,0.29625,1.48124
74 ,37330 ,0.29931,1.49657
75 ,37834 ,0.30226,1.51129
76 ,38338 ,0.30370,1.51849
77 ,38843 ,0.30532,1.52661
78 ,39348 ,0.29750,1.48750
79 ,39852 ,0.28842,1.44211
80 ,40356 ,0.31227,1.56137
81 ,40860 ,0.34859,1.74293
82 ,41365 ,0.33230,1.66151
83 ,41870 ,0.42224,2.11121
84 ,42374 ,0.62173,3.10866
85 ,42878 ,0.45001,2.25003
86 ,43382 ,0.34301,1.71507
87 ,43887 ,0.32037,1.60187
88 ,44392 ,0.29858,1.49288
89 ,44896 ,0.31678,1.58391
90 ,45400 ,0.29186,1.45932
91 ,45907 ,0.29725,1.48624
92 ,46411 ,0.28366,1.41832
93 ,46916 ,0.29514,1.47571
94 ,47421 ,0.31962,1.59812
95 ,47925 ,0.31134,1.55668
96 ,48429 ,0.29575,1.47873
97 ,48933 ,0.31484,1.57421
98 ,49438 ,0.29168,1.45839
99 ,49942 ,0.29495,1.47477
100 ,50447 ,0.30014,1.50069
101 ,50952 ,0.29030,1.45150
102 ,51456 ,0.28811,1.44054
103 ,51960 ,0.29556,1.47779
104 ,52465 ,0.29888,1.49438
105 ,52969 ,0.29089,1.45447
106 ,53473 ,0.28379,1.41894
107 ,53978 ,0.28573,1.42865
108 ,54482 ,0.29074,1.45369
109 ,54989 ,0.28686,1.43428
110 ,55493 ,0.29218,1.46089
111 ,55998 ,0.29433,1.47164
112 ,56502 ,0.28917,1.44586
113 ,57006 ,0.33531,1.67656
114 ,57511 ,0.29750,1.48750
115 ,58015 ,0.26714,1.33568
116 ,58519 ,0.36316,1.81578
117 ,59025 ,0.28240,1.41200
118 ,59529 ,0.23151,1.15757
119 ,60034 ,0.23684,1.18418
120 ,60538 ,0.23352,1.16759
121 ,61043 ,0.25580,1.27902
122 ,61547 ,0.24093,1.20464
123 ,62053 ,0.26735,1.33674
124 ,62557 ,0.23677,1.18386
125 ,63061 ,0.23953,1.19764
126 ,63566 ,0.23264,1.16320
127 ,64073 ,0.24178,1.20890
128 ,64577 ,0.23918,1.19590
129 ,65082 ,0.23558,1.17791
130 ,65586 ,0.34470,1.72352
131 ,66091 ,0.26945,1.34726
132 ,66595 ,0.24673,1.23363
133 ,67099 ,0.29456,1.47278
134 ,67604 ,0.27253,1.36266
135 ,68108 ,0.23095,1.15475
136 ,68613 ,0.24948,1.24741
137 ,69117 ,0.25361,1.26807
138 ,69621 ,0.23164,1.15819
139 ,70125 ,0.25299,1.26494
140 ,70630 ,0.23499,1.17497
141 ,71135 ,0.23014,1.15068
142 ,71639 ,0.23489,1.17447
143 ,72143 ,0.30288,1.51442
144 ,72650 ,0.22964,1.14818
145 ,73156 ,0.24168,1.20839
146 ,73661 ,0.23599,1.17997
147 ,74165 ,0.24097,1.20484
148 ,74670 ,0.23402,1.17009
149 ,75174 ,0.24535,1.22675
150 ,75678 ,0.23270,1.16352
151 ,76182 ,0.23997,1.19983
152 ,76687 ,0.24268,1.21339
153 ,77192 ,0.32010,1.60050
154 ,77696 ,0.25142,1.25711
155 ,78200 ,0.28416,1.42082
156 ,78705 ,0.27371,1.36855
157 ,79209 ,0.24062,1.20308
158 ,79714 ,0.23690,1.18449
159 ,80218 ,0.24366,1.21829
160 ,80723 ,0.23984,1.19920
161 ,81227 ,0.24798,1.23989
162 ,81734 ,0.25962,1.29812
163 ,82238 ,0.33536,1.67682
164 ,82743 ,0.29813,1.49063
165 ,83247 ,0.28179,1.40893
166 ,83751 ,0.32079,1.60394
167 ,84256 ,0.28128,1.40642
168 ,84760 ,0.27909,1.39545
169 ,85266 ,0.28034,1.40169
170 ,85770 ,0.26920,1.34601
171 ,86274 ,0.28892,1.44461
172 ,86779 ,0.25048,1.25242
173 ,87283 ,0.24266,1.21329
174 ,87788 ,0.25117,1.25586
175 ,88293 ,0.25336,1.26679
176 ,88798 ,0.25831,1.29154
177 ,89302 ,0.26363,1.31815
178 ,89807 ,0.24454,1.22268
179 ,90311 ,0.24466,1.22330
180 ,90818 ,0.25080,1.25398
181 ,91323 ,0.30813,1.54066
182 ,91828 ,0.26282,1.31408
183 ,92332 ,0.22726,1.13628
184 ,92837 ,0.23452,1.17259
185 ,93341 ,0.23464,1.17322
186 ,93846 ,0.26560,1.32799
187 ,94351 ,0.23287,1.16436
188 ,94856 ,0.23358,1.16790
189 ,95360 ,0.23358,1.16790
190 ,95865 ,0.23558,1.17791
191 ,96369 ,0.24172,1.20859
192 ,96874 ,0.23131,1.15655
193 ,97379 ,0.25373,1.26866
194 ,97884 ,0.23089,1.15444
195 ,98388 ,0.24115,1.20577
196 ,98893 ,0.25199,1.25993
197 ,99400 ,0.25117,1.25586
198 ,99904 ,0.23855,1.19277
199 ,100410 ,0.23362,1.16810
200 ,100914 ,0.25199,1.25993
201 ,101419 ,0.24792,1.23958
202 ,101923 ,0.23396,1.16978
203 ,102428 ,0.25568,1.27840
204 ,102932 ,0.24611,1.23056
205 ,103437 ,0.23364,1.16821
206 ,103941 ,0.23571,1.17854
207 ,104446 ,0.23621,1.18105
208 ,104950 ,0.23358,1.16790
209 ,105455 ,0.23552,1.17760
210 ,105960 ,0.24699,1.23493
211 ,106464 ,0.25161,1.25805
212 ,106969 ,0.23546,1.17729
213 ,107473 ,0.25768,1.28841
214 ,107980 ,0.23759,1.18793
215 ,108485 ,0.25324,1.26619
216 ,108989 ,0.28602,1.43011
217 ,109493 ,0.28285,1.41425
218 ,109998 ,0.25430,1.27151
219 ,110502 ,0.25737,1.28685
220 ,111007 ,0.25292,1.26462
221 ,111511 ,0.30663,1.53317
222 ,112017 ,0.34392,1.71960
223 ,112521 ,0.35247,1.76233
224 ,113025 ,0.37175,1.85874
225 ,113530 ,0.31390,1.56951
226 ,114034 ,0.31108,1.55542
227 ,114539 ,0.31688,1.58438
228 ,115044 ,0.30201,1.51006
229 ,115548 ,0.35816,1.79082
230 ,116054 ,0.38883,1.94413
231 ,116561 ,0.36987,1.84936
232 ,117065 ,0.38440,1.92198
233 ,117569 ,0.30996,1.54979
234 ,118074 ,0.29121,1.45603
235 ,118579 ,0.31284,1.56419
236 ,119083 ,0.29168,1.45839
237 ,119587 ,0.29719,1.48593
238 ,120093 ,0.31044,1.55221
239 ,120597 ,0.29539,1.47695
240 ,121103 ,0.31575,1.57876
241 ,121607 ,0.29806,1.49031
242 ,122112 ,0.29368,1.46840
243 ,122616 ,0.30132,1.50659
244 ,123121 ,0.29731,1.48656
245 ,123625 ,0.31494,1.57470
246 ,124129 ,0.30614,1.53069
247 ,124634 ,0.30921,1.54603
248 ,125141 ,0.29049,1.45244
249 ,125645 ,0.29230,1.46152
250 ,126150 ,0.28961,1.44806
251 ,126654 ,0.28390,1.41949
252 ,127159 ,0.26307,1.31533
253 ,127663 ,0.30313,1.51567
254 ,128167 ,0.36417,1.82087
255 ,128672 ,0.37419,1.87095
256 ,129176 ,0.37196,1.85982
257 ,129681 ,0.57876,2.89380
258 ,130187 ,0.42374,2.11870

sample ID, execution time, extra probe , dut probe
1 ,505 ,0.37344,1.86720
2 ,1009 ,0.55456,2.77278
3 ,1513 ,0.43104,2.15518
4 ,2017 ,0.31394,1.56970
5 ,2523 ,0.24636,1.23181
6 ,3027 ,0.24410,1.22049
7 ,3534 ,0.24053,1.20264
8 ,4038 ,0.25236,1.26181
9 ,4542 ,0.23777,1.18887
10 ,5047 ,0.23543,1.17716
11 ,5551 ,0.25768,1.28841
12 ,6055 ,0.29124,1.45619
13 ,6559 ,0.29255,1.46277
14 ,7063 ,0.25004,1.25022
15 ,7569 ,0.24455,1.22275
16 ,8073 ,0.25910,1.29552
17 ,8578 ,0.24090,1.20452
18 ,9082 ,0.26263,1.31314
19 ,9586 ,0.25299,1.26494
20 ,10090 ,0.24410,1.22049
21 ,10595 ,0.23118,1.15592
22 ,11100 ,0.24874,1.24368
23 ,11604 ,0.31528,1.57640
24 ,12109 ,0.32022,1.60112
25 ,12615 ,0.31659,1.58297
26 ,13120 ,0.31196,1.55981
27 ,13624 ,0.34773,1.73865
28 ,14129 ,0.32506,1.62529
29 ,14633 ,0.29186,1.45932
30 ,15137 ,0.35165,1.75826
31 ,15643 ,0.32743,1.63716
32 ,16147 ,0.29337,1.46684
33 ,16651 ,0.32019,1.60093
34 ,17157 ,0.31319,1.56596
35 ,17661 ,0.29437,1.47185
36 ,18165 ,0.29700,1.48499
37 ,18669 ,0.29931,1.49657
38 ,19173 ,0.31221,1.56106
39 ,19678 ,0.29920,1.49600
40 ,20182 ,0.33325,1.66623
41 ,20686 ,0.30464,1.52318
42 ,21190 ,0.31409,1.57045
43 ,21694 ,0.33888,1.69441
44 ,22201 ,0.34030,1.70149
45 ,22706 ,0.32493,1.62466
46 ,23211 ,0.32417,1.62085
47 ,23715 ,0.31115,1.55574
48 ,24219 ,0.30138,1.50690
49 ,24723 ,0.29562,1.47811
50 ,25228 ,0.29564,1.47820
51 ,25733 ,0.29127,1.45634
52 ,26237 ,0.28786,1.43929
53 ,26741 ,0.33757,1.68783
54 ,27245 ,0.34176,1.70880
55 ,27749 ,0.30295,1.51473
56 ,28254 ,0.29658,1.48289
57 ,28758 ,0.29212,1.46058
58 ,29262 ,0.31115,1.55574
59 ,29766 ,0.29324,1.46621
60 ,30271 ,0.29381,1.46903
61 ,30775 ,0.29308,1.46540
62 ,31283 ,0.29527,1.47633
63 ,31787 ,0.39717,1.98583
64 ,32291 ,0.51017,2.55085
65 ,32795 ,0.48400,2.42000
66 ,33299 ,0.33606,1.68032
67 ,33804 ,0.24899,1.24493
68 ,34309 ,0.23943,1.19715
69 ,34814 ,0.23439,1.17197
70 ,35318 ,0.24097,1.20483
71 ,35822 ,0.23671,1.18355
72 ,36327 ,0.24679,1.23395
73 ,36831 ,0.29527,1.47633
74 ,37335 ,0.32661,1.63305
75 ,37839 ,0.31841,1.59205
76 ,38344 ,0.30414,1.52068
77 ,38848 ,0.29337,1.46684
78 ,39352 ,0.28852,1.44260
79 ,39858 ,0.29470,1.47352
80 ,40364 ,0.31303,1.56513
81 ,40869 ,0.34508,1.72540
82 ,41373 ,0.30476,1.52381
83 ,41877 ,0.26282,1.31408
84 ,42382 ,0.28865,1.44323
85 ,42887 ,0.24180,1.20901
86 ,43391 ,0.23452,1.17259
87 ,43896 ,0.24247,1.21235
88 ,44400 ,0.23214,1.16070
89 ,44905 ,0.23690,1.18449
90 ,45409 ,0.23737,1.18684
91 ,45915 ,0.24174,1.20870
92 ,46419 ,0.24259,1.21297
93 ,46923 ,0.23865,1.19325
94 ,47428 ,0.24904,1.24522
95 ,47932 ,0.25812,1.29060
96 ,48436 ,0.23568,1.17841
97 ,48941 ,0.23139,1.15694
98 ,49445 ,0.25211,1.26055
99 ,49959 ,0.24516,1.22581
100 ,50463 ,0.26113,1.30563
101 ,50968 ,0.25900,1.29499
102 ,51472 ,0.24247,1.21235
103 ,51977 ,0.24699,1.23493
104 ,52481 ,0.25868,1.29342
105 ,52986 ,0.24547,1.22737
106 ,53490 ,0.23389,1.16946
107 ,53994 ,0.24353,1.21767
108 ,54499 ,0.23962,1.19808
109 ,55005 ,0.23774,1.18872
110 ,55509 ,0.24059,1.20296
111 ,56014 ,0.24566,1.22831
112 ,56518 ,0.24178,1.20890
113 ,57022 ,0.28429,1.42145
114 ,57527 ,0.28421,1.42105
115 ,58032 ,0.28115,1.40575
116 ,58539 ,0.23120,1.15600
117 ,59043 ,0.24848,1.24240
118 ,59548 ,0.23565,1.17823
119 ,60052 ,0.23978,1.19889
120 ,60556 ,0.24184,1.20922
121 ,61061 ,0.27272,1.36359
122 ,61566 ,0.26125,1.30626
123 ,62070 ,0.26131,1.30657
124 ,62574 ,0.29237,1.46183
125 ,63079 ,0.24967,1.24835
126 ,63583 ,0.25754,1.28771
127 ,64088 ,0.25568,1.27840
128 ,64592 ,0.24159,1.20797
129 ,65097 ,0.23640,1.18198
130 ,65601 ,0.24259,1.21297
131 ,66107 ,0.24518,1.22588
132 ,66611 ,0.24917,1.24586
133 ,67116 ,0.27822,1.39109
134 ,67622 ,0.35754,1.78769
135 ,68127 ,0.44124,2.20620
136 ,68632 ,0.38414,1.92071
137 ,69136 ,0.39892,1.99460
138 ,69641 ,0.29901,1.49507
139 ,70145 ,0.29412,1.47059
140 ,70649 ,0.29600,1.47998
141 ,71153 ,0.29230,1.46152
142 ,71658 ,0.28648,1.43240
143 ,72162 ,0.29820,1.49101
144 ,72667 ,0.31869,1.59344
145 ,73172 ,0.29775,1.48875
146 ,73676 ,0.29694,1.48468
147 ,74180 ,0.29212,1.46058
148 ,74685 ,0.28673,1.43366
149 ,75189 ,0.28871,1.44354
150 ,75693 ,0.29111,1.45557
151 ,76198 ,0.28967,1.44837
152 ,76704 ,0.29043,1.45213
153 ,77209 ,0.28942,1.44712
154 ,77713 ,0.29043,1.45213
155 ,78217 ,0.29939,1.49694
156 ,78722 ,0.29881,1.49407
157 ,79226 ,0.34107,1.70536
158 ,79730 ,0.33606,1.68032
159 ,80234 ,0.33650,1.68251
160 ,80739 ,0.32862,1.64309
161 ,81244 ,0.32493,1.62467
162 ,81749 ,0.26538,1.32691
163 ,82253 ,0.23978,1.19889
164 ,82757 ,0.24810,1.24052
165 ,83262 ,0.24710,1.23551
166 ,83766 ,0.30064,1.50319
167 ,84272 ,0.34773,1.73865
168 ,84776 ,0.35422,1.77110
169 ,85282 ,0.34721,1.73604
170 ,85787 ,0.34076,1.70380
171 ,86291 ,0.35009,1.75044
172 ,86795 ,0.30688,1.53441
173 ,87301 ,0.28958,1.44791
174 ,87805 ,0.32649,1.63243
175 ,88309 ,0.30902,1.54509
176 ,88813 ,0.34796,1.73980
177 ,89319 ,0.36903,1.84514
178 ,89823 ,0.37890,1.89448
179 ,90327 ,0.33300,1.66498
180 ,90832 ,0.27953,1.39766
181 ,91336 ,0.28460,1.42301
182 ,91840 ,0.28479,1.42395
183 ,92345 ,0.28184,1.40919
184 ,92850 ,0.30682,1.53410
185 ,93355 ,0.27959,1.39797
186 ,93859 ,0.28229,1.41143
187 ,94366 ,0.29781,1.48906
188 ,94870 ,0.29694,1.48468
189 ,95374 ,0.29995,1.49975
190 ,95880 ,0.30057,1.50287
191 ,96384 ,0.30414,1.52068
192 ,96888 ,0.29844,1.49219
193 ,97393 ,0.29174,1.45870
194 ,97897 ,0.28623,1.43115
195 ,98401 ,0.28371,1.41856
196 ,98907 ,0.28340,1.41700
197 ,99411 ,0.31528,1.57640
198 ,99915 ,0.32749,1.63744
199 ,100421 ,0.28465,1.42324
200 ,100925 ,0.30676,1.53382
201 ,101429 ,0.26582,1.32911
202 ,101933 ,0.24898,1.24490
203 ,102438 ,0.24454,1.22268
204 ,102945 ,0.24053,1.20264
205 ,103449 ,0.24998,1.24991
206 ,103953 ,0.33926,1.69629
207 ,104459 ,0.68572,3.42860
208 ,104964 ,0.51605,2.58026
209 ,105469 ,0.40255,2.01275
210 ,105973 ,0.31190,1.55949
211 ,106477 ,0.27659,1.38295
212 ,106982 ,0.26858,1.34288
213 ,107486 ,0.27547,1.37734
214 ,107991 ,0.29086,1.45432
215 ,108495 ,0.27452,1.37262
216 ,109000 ,0.28335,1.41675
217 ,109504 ,0.31647,1.58234
218 ,110009 ,0.28121,1.40606
219 ,110514 ,0.28240,1.41200
220 ,111019 ,0.27471,1.37355
221 ,111525 ,0.27552,1.37762
222 ,112030 ,0.28298,1.41488
223 ,112534 ,0.30119,1.50597
224 ,113040 ,0.28627,1.43136
225 ,113544 ,0.27934,1.39670
226 ,114049 ,0.27402,1.37011
227 ,114553 ,0.28617,1.43084
228 ,115058 ,0.30414,1.52068
229 ,115562 ,0.27383,1.36917
230 ,116067 ,0.28090,1.40450
231 ,116572 ,0.27072,1.35360
232 ,117077 ,0.25474,1.27370
233 ,117581 ,0.60170,3.00849
234 ,118085 ,0.68215,3.41073
235 ,118589 ,0.61841,3.09207
236 ,119093 ,0.53579,2.67894
237 ,119599 ,0.34092,1.70461
238 ,120106 ,0.27509,1.37543
239 ,120610 ,0.28310,1.41550
240 ,121114 ,0.30138,1.50690
241 ,121619 ,0.28398,1.41988
242 ,122123 ,0.29676,1.48382
243 ,122629 ,0.28496,1.42480
244 ,123133 ,0.27546,1.37731
245 ,123638 ,0.28398,1.41988
246 ,124142 ,0.29437,1.47185
247 ,124647 ,0.28830,1.44148
248 ,125151 ,0.28365,1.41824
249 ,125656 ,0.27909,1.39547
250 ,126160 ,0.28604,1.43021
251 ,126664 ,0.29600,1.47998
252 ,127169 ,0.28316,1.41581
253 ,127673 ,0.28708,1.43542
254 ,128179 ,0.30201,1.51006
255 ,128683 ,0.28686,1.43428
256 ,129190 ,0.28999,1.44993
257 ,129694 ,0.29424,1.47122
258 ,130199 ,0.26012,1.30062

sample ID, execution time, extra probe , dut probe
1 ,507 ,0.25718,1.28591
2 ,1011 ,0.39366,1.96831
3 ,1515 ,0.65290,3.26448
4 ,2020 ,0.71348,3.56740
5 ,2524 ,0.57960,2.89799
6 ,3028 ,0.50641,2.53206
7 ,3533 ,0.55571,2.77856
8 ,4037 ,0.48131,2.40654
9 ,4541 ,0.42180,2.10902
10 ,5045 ,0.40950,2.04750
11 ,5549 ,0.39541,1.97707
12 ,6053 ,0.40149,2.00743
13 ,6557 ,0.39867,1.99335
14 ,7064 ,0.41162,2.05812
15 ,7569 ,0.40875,2.04375
16 ,8073 ,0.40775,2.03874
17 ,8577 ,0.41420,2.07098
18 ,9082 ,0.41639,2.08193
19 ,9586 ,0.44519,2.22593
20 ,10090 ,0.42711,2.13557
21 ,10594 ,0.45026,2.25128
22 ,11098 ,0.44443,2.22217
23 ,11602 ,0.29330,1.46652
24 ,12107 ,0.29312,1.46559
25 ,12611 ,0.30501,1.52505
26 ,13116 ,0.31219,1.56096
27 ,13621 ,0.28360,1.41801
28 ,14125 ,0.29174,1.45870
29 ,14629 ,0.29443,1.47216
30 ,15133 ,0.29399,1.46997
31 ,15638 ,0.29545,1.47727
32 ,16143 ,0.28259,1.41294
33 ,16650 ,0.33425,1.67124
34 ,17155 ,0.65427,3.27135
35 ,17659 ,0.60852,3.04261
36 ,18163 ,0.53822,2.69108
37 ,18667 ,0.39682,1.98411
38 ,19173 ,0.29826,1.49132
39 ,19677 ,0.30639,1.53195
40 ,20181 ,0.29468,1.47341
41 ,20685 ,0.29149,1.45745
42 ,21189 ,0.29644,1.48218
43 ,21694 ,0.30432,1.52161
44 ,22198 ,0.29111,1.45557
45 ,22702 ,0.28260,1.41300
46 ,23206 ,0.28692,1.43460
47 ,23711 ,0.28748,1.43741
48 ,24215 ,0.29801,1.49007
49 ,24720 ,0.28534,1.42668
50 ,25225 ,0.28886,1.44430
51 ,25732 ,0.28310,1.41550
52 ,26236 ,0.28604,1.43021
53 ,26740 ,0.28529,1.42646
54 ,27244 ,0.28583,1.42917
55 ,27750 ,0.29227,1.46134
56 ,28254 ,0.29230,1.46152
57 ,28758 ,0.28197,1.40987
58 ,29262 ,0.28391,1.41957
59 ,29767 ,0.29888,1.49438
60 ,30271 ,0.29883,1.49413
61 ,30775 ,0.28986,1.44931
62 ,31280 ,0.29299,1.46496
63 ,31785 ,0.29676,1.48382
64 ,32289 ,0.46190,2.30950
65 ,32793 ,0.47958,2.39789
66 ,33298 ,0.62142,3.10709
67 ,33802 ,0.52275,2.61377
68 ,34307 ,0.38383,1.91916
69 ,34812 ,0.36353,1.81766
70 ,35319 ,0.29061,1.45306
71 ,35824 ,0.28802,1.44010
72 ,36328 ,0.30832,1.54160
73 ,36832 ,0.30551,1.52756
74 ,37337 ,0.30902,1.54509
75 ,37841 ,0.29080,1.45400
76 ,38345 ,0.29293,1.46465
77 ,38849 ,0.28983,1.44916
78 ,39355 ,0.29745,1.48726
79 ,39859 ,0.28022,1.40110
80 ,40363 ,0.28348,1.41738
81 ,40867 ,0.32298,1.61490
82 ,41371 ,0.34232,1.71162
83 ,41876 ,0.32774,1.63872
84 ,42380 ,0.30157,1.50784
85 ,42884 ,0.28780,1.43898
86 ,43388 ,0.30626,1.53132
87 ,43893 ,0.29224,1.46120
88 ,44401 ,0.27959,1.39795
89 ,44905 ,0.28527,1.42636
90 ,45409 ,0.27559,1.37794
91 ,45913 ,0.29036,1.45181
92 ,46418 ,0.27571,1.37856
93 ,46922 ,0.26313,1.31565
94 ,47426 ,0.34330,1.71648
95 ,47932 ,0.29933,1.49663
96 ,48436 ,0.29700,1.48499
97 ,48940 ,0.34765,1.73823
98 ,49444 ,0.32454,1.62272
99 ,49948 ,0.29537,1.47685
100 ,50453 ,0.31269,1.56346
101 ,50957 ,0.30651,1.53257
102 ,51461 ,0.29149,1.45745
103 ,51966 ,0.27659,1.38295
104 ,52470 ,0.28611,1.43053
105 ,52974 ,0.28340,1.41700
106 ,53483 ,0.28890,1.44448
107 ,53988 ,0.28815,1.44073
108 ,54492 ,0.25280,1.26400
109 ,54997 ,0.24629,1.23144
110 ,55501 ,0.23734,1.18668
111 ,56006 ,0.23389,1.16946
112 ,56510 ,0.23693,1.18466
113 ,57015 ,0.31691,1.58453
114 ,57519 ,0.28798,1.43992
115 ,58023 ,0.25368,1.26838
116 ,58528 ,0.25656,1.28278
117 ,59032 ,0.24874,1.24368
118 ,59538 ,0.24549,1.22744
119 ,60042 ,0.23752,1.18762
120 ,60547 ,0.24347,1.21736
121 ,61051 ,0.26125,1.30626
122 ,61555 ,0.23834,1.19169
123 ,62060 ,0.25979,1.29895
124 ,62568 ,0.23218,1.16092
125 ,63073 ,0.23371,1.16852
126 ,63577 ,0.23746,1.18731
127 ,64082 ,0.24460,1.22299
128 ,64586 ,0.26682,1.33411
129 ,65090 ,0.24705,1.23525
130 ,65596 ,0.28827,1.44135
131 ,66100 ,0.28761,1.43804
132 ,66605 ,0.24798,1.23989
133 ,67109 ,0.25267,1.26337
134 ,67613 ,0.38377,1.91885
135 ,68118 ,0.47527,2.37634
136 ,68623 ,0.35860,1.79299
137 ,69127 ,0.37901,1.89506
138 ,69631 ,0.34395,1.71976
139 ,70136 ,0.34877,1.74386
140 ,70640 ,0.33932,1.69660
141 ,71147 ,0.31531,1.57657
142 ,71652 ,0.30838,1.54191
143 ,72157 ,0.29800,1.49000
144 ,72661 ,0.29500,1.47498
145 ,73165 ,0.28942,1.44712
146 ,73669 ,0.29005,1.45025
147 ,74174 ,0.29208,1.46040
148 ,74678 ,0.28942,1.44712
149 ,75182 ,0.28761,1.43804
150 ,75687 ,0.29719,1.48593
151 ,76191 ,0.29694,1.48468
152 ,76695 ,0.29302,1.46509
153 ,77201 ,0.30838,1.54191
154 ,77705 ,0.29093,1.45463
155 ,78209 ,0.28867,1.44336
156 ,78714 ,0.30808,1.54040
157 ,79218 ,0.30977,1.54885
158 ,79722 ,0.29008,1.45041
159 ,80230 ,0.29183,1.45915
160 ,80734 ,0.29800,1.49000
161 ,81239 ,0.29587,1.47936
162 ,81743 ,0.31165,1.55824
163 ,82247 ,0.29744,1.48718
164 ,82752 ,0.31319,1.56595
165 ,83257 ,0.33799,1.68993
166 ,83761 ,0.30257,1.51285
167 ,84266 ,0.29825,1.49125
168 ,84770 ,0.25881,1.29405
169 ,85276 ,0.25792,1.28958
170 ,85780 ,0.24524,1.22619
171 ,86285 ,0.25067,1.25335
172 ,86789 ,0.24591,1.22956
173 ,87293 ,0.28141,1.40705
174 ,87798 ,0.34689,1.73447
175 ,88302 ,0.37896,1.89479
176 ,88807 ,0.32731,1.63653
177 ,89314 ,0.29925,1.49626
178 ,89818 ,0.31835,1.59173
179 ,90323 ,0.33081,1.65403
180 ,90827 ,0.31215,1.56075
181 ,91331 ,0.31613,1.58063
182 ,91837 ,0.29620,1.48101
183 ,92341 ,0.29218,1.46089
184 ,92845 ,0.29287,1.46433
185 ,93350 ,0.28654,1.43272
186 ,93854 ,0.28792,1.43960
187 ,94358 ,0.27759,1.38795
188 ,94864 ,0.28140,1.40700
189 ,95368 ,0.29387,1.46934
190 ,95872 ,0.29255,1.46277
191 ,96377 ,0.28848,1.44242
192 ,96881 ,0.29938,1.49689
193 ,97386 ,0.30039,1.50194
194 ,97893 ,0.28365,1.41824
195 ,98398 ,0.29512,1.47560
196 ,98902 ,0.29875,1.49376
197 ,99406 ,0.28304,1.41519
198 ,99911 ,0.27740,1.38702
199 ,100415 ,0.27247,1.36235
200 ,100920 ,0.28842,1.44211
201 ,101424 ,0.26814,1.34069
202 ,101929 ,0.28154,1.40768
203 ,102433 ,0.26563,1.32817
204 ,102939 ,0.49376,2.46878
205 ,103443 ,0.40044,2.00222
206 ,103947 ,0.29149,1.45745
207 ,104452 ,0.23690,1.18449
208 ,104956 ,0.23896,1.19482
209 ,105461 ,0.24360,1.21798
210 ,105966 ,0.24817,1.24087
211 ,106474 ,0.24049,1.20245
212 ,106978 ,0.23934,1.19670
213 ,107483 ,0.25161,1.25805
214 ,107987 ,0.39178,1.95892
215 ,108491 ,0.64408,3.22041
216 ,108997 ,0.43330,2.16648
217 ,109501 ,0.42580,2.12901
218 ,110005 ,0.33951,1.69754
219 ,110510 ,0.34126,1.70630
220 ,111014 ,0.32912,1.64558
221 ,111518 ,0.29800,1.49000
222 ,112023 ,0.28259,1.41294
223 ,112529 ,0.28683,1.43417
224 ,113033 ,0.28510,1.42552
225 ,113537 ,0.28498,1.42489
226 ,114042 ,0.28755,1.43773
227 ,114546 ,0.29800,1.49000
228 ,115053 ,0.36172,1.80860
229 ,115558 ,0.31538,1.57689
230 ,116063 ,0.30896,1.54478
231 ,116567 ,0.28398,1.41988
232 ,117072 ,0.30194,1.50972
233 ,117576 ,0.29174,1.45870
234 ,118081 ,0.29233,1.46165
235 ,118586 ,0.27990,1.39951
236 ,119091 ,0.28567,1.42834
237 ,119595 ,0.27959,1.39797
238 ,120100 ,0.28604,1.43021
239 ,120604 ,0.28454,1.42270
240 ,121108 ,0.30582,1.52911
241 ,121613 ,0.28567,1.42834
242 ,122117 ,0.31334,1.56669
243 ,122622 ,0.28379,1.41894
244 ,123126 ,0.27653,1.38263
245 ,123632 ,0.26291,1.31457
246 ,124138 ,0.58707,2.93533
247 ,124642 ,0.64239,3.21196
248 ,125148 ,0.57963,2.89817
249 ,125652 ,0.58617,2.93086
250 ,126156 ,0.42784,2.13922
251 ,126661 ,0.33688,1.68439
252 ,127165 ,0.30388,1.51942
253 ,127670 ,0.29543,1.47717
254 ,128174 ,0.29055,1.45275
255 ,128679 ,0.28241,1.41206
256 ,129183 ,0.31246,1.56231
257 ,129688 ,0.27928,1.39639
258 ,130193 ,0.44179,2.20895
259 ,130697 ,0.59462,2.97312
260 ,131201 ,0.42340,2.11699

sample ID, execution time, extra probe , dut probe
1 ,509 ,0.44475,2.22374
2 ,1014 ,0.67563,3.37815
3 ,1518 ,0.55355,2.76777
4 ,2022 ,0.53073,2.65365
5 ,2527 ,0.43748,2.18740
6 ,3031 ,0.44669,2.23344
7 ,3535 ,0.40543,2.02715
8 ,4040 ,0.42861,2.14306
9 ,4544 ,0.47133,2.35666
10 ,5049 ,0.41012,2.05062
11 ,5553 ,0.37306,1.86532
12 ,6057 ,0.32104,1.60519
13 ,6561 ,0.26037,1.30187
14 ,7066 ,0.25030,1.25148
15 ,7570 ,0.24742,1.23712
16 ,8074 ,0.24403,1.22017
17 ,8579 ,0.27196,1.35978
18 ,9083 ,0.27853,1.39265
19 ,9587 ,0.24579,1.22894
20 ,10094 ,0.25136,1.25680
21 ,10598 ,0.29620,1.48101
22 ,11102 ,0.32511,1.62554
23 ,11606 ,0.30545,1.52725
24 ,12111 ,0.28579,1.42896
25 ,12615 ,0.28842,1.44211
26 ,13119 ,0.29589,1.47945
27 ,13625 ,0.28852,1.44260
28 ,14129 ,0.30933,1.54666
29 ,14633 ,0.28391,1.41957
30 ,15137 ,0.27922,1.39609
31 ,15642 ,0.28266,1.41331
32 ,16147 ,0.45025,2.25125
33 ,16652 ,0.55047,2.75233
34 ,17156 ,0.48744,2.43722
35 ,17660 ,0.34952,1.74762
36 ,18164 ,0.31616,1.58078
37 ,18670 ,0.28939,1.44697
38 ,19177 ,0.29152,1.45759
39 ,19682 ,0.30014,1.50069
40 ,20186 ,0.29537,1.47685
41 ,20690 ,0.29719,1.48593
42 ,21195 ,0.31447,1.57233
43 ,21699 ,0.29412,1.47059
44 ,22203 ,0.31132,1.55659
45 ,22708 ,0.29318,1.46590
46 ,23212 ,0.30977,1.54885
47 ,23716 ,0.28992,1.44962
48 ,24220 ,0.28498,1.42489
49 ,24725 ,0.28415,1.42074
50 ,25230 ,0.28434,1.42168
51 ,25734 ,0.27058,1.35290
52 ,26238 ,0.26876,1.34382
53 ,26744 ,0.29970,1.49850
54 ,27248 ,0.27196,1.35978
55 ,27753 ,0.26935,1.34673
56 ,28258 ,0.22438,1.12189
57 ,28765 ,0.25180,1.25899
58 ,29269 ,0.22932,1.14661
59 ,29774 ,0.22538,1.12689
60 ,30278 ,0.22769,1.13847
61 ,30782 ,0.31906,1.59531
62 ,31288 ,0.52255,2.61274
63 ,31792 ,0.38008,1.90038
64 ,32296 ,0.31159,1.55793
65 ,32800 ,0.26557,1.32785
66 ,33305 ,0.24103,1.20515
67 ,33809 ,0.24399,1.21994
68 ,34313 ,0.24153,1.20765
69 ,34818 ,0.25030,1.25148
70 ,35322 ,0.25174,1.25868
71 ,35826 ,0.27146,1.35728
72 ,36331 ,0.54378,2.71892
73 ,36836 ,0.56152,2.80761
74 ,37340 ,0.44957,2.24784
75 ,37847 ,0.39329,1.96643
76 ,38351 ,0.37012,1.85061
77 ,38855 ,0.32642,1.63211
78 ,39359 ,0.33767,1.68837
79 ,39865 ,0.33168,1.65839
80 ,40369 ,0.30276,1.51379
81 ,40873 ,0.30564,1.52819
82 ,41377 ,0.29737,1.48687
83 ,41881 ,0.29631,1.48155
84 ,42386 ,0.32774,1.63872
85 ,42890 ,0.34890,1.74449
86 ,43394 ,0.35510,1.77548
87 ,43898 ,0.29362,1.46809
88 ,44402 ,0.31440,1.57201
89 ,44907 ,0.31113,1.55565
90 ,45412 ,0.31275,1.56377
91 ,45916 ,0.29518,1.47591
92 ,46421 ,0.29844,1.49219
93 ,46927 ,0.30395,1.51974
94 ,47432 ,0.33037,1.65183
95 ,47936 ,0.28783,1.43917
96 ,48441 ,0.29964,1.49819
97 ,48946 ,0.30877,1.54384
98 ,49450 ,0.29086,1.45432
99 ,49954 ,0.31346,1.56732
100 ,50458 ,0.31315,1.56575
101 ,50963 ,0.30863,1.54316
102 ,51468 ,0.29389,1.46946
103 ,51972 ,0.27070,1.35352
104 ,52476 ,0.52789,2.63943
105 ,52980 ,0.62311,3.11555
106 ,53486 ,0.50831,2.54154
107 ,53990 ,0.56171,2.80854
108 ,54494 ,0.40255,2.01275
109 ,54998 ,0.38083,1.90413
110 ,55503 ,0.28949,1.44743
111 ,56009 ,0.31459,1.57295
112 ,56514 ,0.29218,1.46089
113 ,57018 ,0.31656,1.58282
114 ,57522 ,0.31315,1.56575
115 ,58027 ,0.29625,1.48124
116 ,58531 ,0.30069,1.50346
117 ,59035 ,0.36749,1.83746
118 ,59540 ,0.41812,2.09060
119 ,60045 ,0.38876,1.94382
120 ,60549 ,0.29581,1.47904
121 ,61053 ,0.30908,1.54541
122 ,61558 ,0.29005,1.45025
123 ,62062 ,0.28955,1.44774
124 ,62566 ,0.28434,1.42168
125 ,63071 ,0.28542,1.42708
126 ,63575 ,0.29606,1.48030
127 ,64079 ,0.30063,1.50315
128 ,64585 ,0.34073,1.70367
129 ,65092 ,0.30232,1.51160
130 ,65596 ,0.30988,1.54940
131 ,66100 ,0.29393,1.46965
132 ,66605 ,0.28661,1.43303
133 ,67109 ,0.29274,1.46371
134 ,67613 ,0.29362,1.46809
135 ,68118 ,0.29602,1.48008
136 ,68623 ,0.30101,1.50506
137 ,69128 ,0.29618,1.48092
138 ,69632 ,0.34558,1.72790
139 ,70136 ,0.31002,1.55010
140 ,70640 ,0.28967,1.44837
141 ,71145 ,0.31044,1.55221
142 ,71650 ,0.28352,1.41762
143 ,72155 ,0.29381,1.46903
144 ,72659 ,0.29224,1.46120
145 ,73163 ,0.28848,1.44242
146 ,73670 ,0.29762,1.48812
147 ,74174 ,0.29633,1.48164
148 ,74680 ,0.32831,1.64153
149 ,75184 ,0.29305,1.46527
150 ,75689 ,0.28028,1.40141
151 ,76193 ,0.29825,1.49125
152 ,76697 ,0.28354,1.41769
153 ,77201 ,0.30944,1.54722
154 ,77706 ,0.28755,1.43773
155 ,78210 ,0.28786,1.43929
156 ,78714 ,0.28410,1.42051
157 ,79219 ,0.28567,1.42834
158 ,79723 ,0.29452,1.47258
159 ,80229 ,0.28421,1.42106
160 ,80733 ,0.28498,1.42489
161 ,81237 ,0.31033,1.55167
162 ,81742 ,0.27928,1.39641
163 ,82246 ,0.30257,1.51285
164 ,82754 ,0.28608,1.43042
165 ,83259 ,0.29770,1.48851
166 ,83763 ,0.28723,1.43616
167 ,84267 ,0.28861,1.44305
168 ,84772 ,0.28554,1.42771
169 ,85276 ,0.28755,1.43773
170 ,85780 ,0.28452,1.42262
171 ,86286 ,0.28240,1.41200
172 ,86790 ,0.29719,1.48593
173 ,87294 ,0.33644,1.68220
174 ,87798 ,0.74807,3.74035
175 ,88302 ,0.71633,3.58164
176 ,88806 ,0.52854,2.64272
177 ,89311 ,0.45126,2.25629
178 ,89815 ,0.45458,2.27288
179 ,90319 ,0.37763,1.88817
180 ,90823 ,0.33181,1.65903
181 ,91328 ,0.32612,1.63060
182 ,91836 ,0.30507,1.52536
183 ,92340 ,0.29600,1.47998
184 ,92844 ,0.30163,1.50816
185 ,93348 ,0.29625,1.48124
186 ,93853 ,0.29431,1.47153
187 ,94357 ,0.30276,1.51380
188 ,94862 ,0.37346,1.86731
189 ,95367 ,0.30939,1.54697
190 ,95871 ,0.31647,1.58234
191 ,96375 ,0.32598,1.62992
192 ,96880 ,0.30107,1.50534
193 ,97384 ,0.30101,1.50506
194 ,97889 ,0.31138,1.55690
195 ,98394 ,0.28949,1.44743
196 ,98898 ,0.29161,1.45807
197 ,99402 ,0.29562,1.47811
198 ,99906 ,0.30896,1.54478
199 ,100412 ,0.30151,1.50753
200 ,100916 ,0.29080,1.45400
201 ,101421 ,0.30689,1.53445
202 ,101925 ,0.28855,1.44273
203 ,102430 ,0.28974,1.44868
204 ,102934 ,0.28840,1.44198
205 ,103440 ,0.28952,1.44760
206 ,103944 ,0.29656,1.48280
207 ,104448 ,0.30664,1.53320
208 ,104953 ,0.32943,1.64714
209 ,105457 ,0.29262,1.46308
210 ,105962 ,0.29302,1.46509
211 ,106467 ,0.29408,1.47040
212 ,106972 ,0.29274,1.46371
213 ,107476 ,0.30282,1.51410
214 ,107981 ,0.31008,1.55041
215 ,108485 ,0.29769,1.48844
216 ,108992 ,0.29483,1.47414
217 ,109497 ,0.28958,1.44791
218 ,110002 ,0.26601,1.33004
219 ,110506 ,0.69680,3.48398
220 ,111010 ,0.60070,3.00348
221 ,111514 ,0.59293,2.96467
222 ,112018 ,0.38277,1.91384
223 ,112524 ,0.34973,1.74864
224 ,113028 ,0.34890,1.74449
225 ,113533 ,0.30883,1.54415
226 ,114037 ,0.31572,1.57859
227 ,114541 ,0.33193,1.65966
228 ,115045 ,0.30626,1.53132
229 ,115549 ,0.33306,1.66530
230 ,116053 ,0.35441,1.77204
231 ,116558 ,0.30833,1.54165
232 ,117062 ,0.30539,1.52694
233 ,117567 ,0.30045,1.50225
234 ,118075 ,0.30232,1.51162
235 ,118579 ,0.29875,1.49376
236 ,119083 ,0.30313,1.51567
237 ,119589 ,0.29558,1.47789
238 ,120093 ,0.30514,1.52569
239 ,120598 ,0.30101,1.50506
240 ,121103 ,0.30551,1.52754
241 ,121608 ,0.30645,1.53226
242 ,122112 ,0.27183,1.35916
243 ,122616 ,0.49258,2.46289
244 ,123122 ,0.67563,3.37815
245 ,123626 ,0.50768,2.53842
246 ,124131 ,0.39888,1.99441
247 ,124636 ,0.37557,1.87784
248 ,125140 ,0.38389,1.91947
249 ,125644 ,0.36586,1.82932
250 ,126149 ,0.30695,1.53476
251 ,126655 ,0.30382,1.51911
252 ,127161 ,0.32718,1.63591
253 ,127665 ,0.31741,1.58704
254 ,128169 ,0.29468,1.47341
255 ,128674 ,0.30282,1.51410
256 ,129178 ,0.29681,1.48405
257 ,129683 ,0.32331,1.61655
258 ,130188 ,0.33518,1.67588

sample ID, execution time, extra probe , dut probe
1 ,507 ,0.28197,1.40987
2 ,1011 ,0.45101,2.25504
3 ,1516 ,0.76132,3.80661
4 ,2020 ,0.71681,3.58406
5 ,2524 ,0.61497,3.07485
6 ,3028 ,0.48006,2.40028
7 ,3532 ,0.45426,2.27131
8 ,4036 ,0.42665,2.13327
9 ,4543 ,0.41044,2.05218
10 ,5048 ,0.43423,2.17117
11 ,5552 ,0.44600,2.23000
12 ,6056 ,0.43623,2.18116
13 ,6561 ,0.43304,2.16520
14 ,7065 ,0.43210,2.16050
15 ,7569 ,0.44029,2.20146
16 ,8074 ,0.41156,2.05780
17 ,8578 ,0.39961,1.99804
18 ,9082 ,0.42553,2.12763
19 ,9586 ,0.39692,1.98458
20 ,10091 ,0.41643,2.08216
21 ,10596 ,0.41075,2.05375
22 ,11100 ,0.33506,1.67531
23 ,11604 ,0.30545,1.52725
24 ,12108 ,0.30432,1.52162
25 ,12612 ,0.32874,1.64370
26 ,13117 ,0.31825,1.59125
27 ,13622 ,0.29808,1.49038
28 ,14129 ,0.29356,1.46778
29 ,14633 ,0.29061,1.45306
30 ,15137 ,0.29762,1.48812
31 ,15641 ,0.39022,1.95109
32 ,16145 ,0.37271,1.86356
33 ,16651 ,0.42743,2.13713
34 ,17155 ,0.58323,2.91615
35 ,17659 ,0.46985,2.34926
36 ,18163 ,0.29737,1.48687
37 ,18667 ,0.30426,1.52130
38 ,19172 ,0.32025,1.60124
39 ,19676 ,0.31165,1.55824
40 ,20180 ,0.29994,1.49971
41 ,20684 ,0.31791,1.58954
42 ,21188 ,0.31860,1.59299
43 ,21692 ,0.33399,1.66995
44 ,22198 ,0.30207,1.51037
45 ,22702 ,0.29093,1.45463
46 ,23210 ,0.29870,1.49350
47 ,23714 ,0.29844,1.49219
48 ,24218 ,0.29988,1.49939
49 ,24722 ,0.29552,1.47758
50 ,25228 ,0.30832,1.54160
51 ,25732 ,0.30464,1.52318
52 ,26236 ,0.29525,1.47623
53 ,26740 ,0.29762,1.48812
54 ,27245 ,0.29706,1.48531
55 ,27749 ,0.30944,1.54722
56 ,28253 ,0.58248,2.91239
57 ,28757 ,0.56313,2.81567
58 ,29261 ,0.47805,2.39026
59 ,29766 ,0.31190,1.55949
60 ,30270 ,0.30176,1.50881
61 ,30775 ,0.31051,1.55253
62 ,31280 ,0.29863,1.49313
63 ,31784 ,0.29074,1.45369
64 ,32291 ,0.30000,1.50002
65 ,32795 ,0.31146,1.55730
66 ,33299 ,0.31394,1.56970
67 ,33804 ,0.29845,1.49225
68 ,34309 ,0.29587,1.47936
69 ,34813 ,0.31027,1.55135
70 ,35317 ,0.30401,1.52005
71 ,35821 ,0.29118,1.45588
72 ,36326 ,0.30451,1.52255
73 ,36831 ,0.31987,1.59937
74 ,37335 ,0.30345,1.51723
75 ,37839 ,0.29143,1.45713
76 ,38344 ,0.31447,1.57233
77 ,38849 ,0.56246,2.81229
78 ,39353 ,0.39813,1.99066
79 ,39857 ,0.36962,1.84810
80 ,40362 ,0.29575,1.47873
81 ,40866 ,0.29725,1.48624
82 ,41370 ,0.30363,1.51817
83 ,41878 ,0.32606,1.63029
84 ,42382 ,0.29202,1.46009
85 ,42886 ,0.29750,1.48750
86 ,43391 ,0.35403,1.77016
87 ,43895 ,0.38984,1.94921
88 ,44399 ,0.37914,1.89568
89 ,44903 ,0.38889,1.94444
90 ,45409 ,0.30214,1.51068
91 ,45913 ,0.27484,1.37418
92 ,46417 ,0.36937,1.84685
93 ,46921 ,0.65097,3.25484
94 ,47425 ,0.51405,2.57026
95 ,47929 ,0.38714,1.93570
96 ,48434 ,0.30075,1.50377
97 ,48938 ,0.32098,1.60488
98 ,49442 ,0.30532,1.52662
99 ,49946 ,0.31296,1.56481
100 ,50450 ,0.30663,1.53317
101 ,50959 ,0.29352,1.46759
102 ,51463 ,0.29938,1.49689
103 ,51967 ,0.29055,1.45275
104 ,52471 ,0.29925,1.49626
105 ,52976 ,0.31735,1.58673
106 ,53480 ,0.61661,3.08304
107 ,53985 ,0.62997,3.14987
108 ,54489 ,0.49621,2.48104
109 ,54994 ,0.33550,1.67750
110 ,55498 ,0.33387,1.66937
111 ,56002 ,0.37444,1.87221
112 ,56506 ,0.31076,1.55378
113 ,57012 ,0.31057,1.55284
114 ,57516 ,0.31403,1.57014
115 ,58020 ,0.30708,1.53539
116 ,58525 ,0.31190,1.55949
117 ,59030 ,0.33455,1.67276
118 ,59537 ,0.30851,1.54253
119 ,60043 ,0.30538,1.52692
120 ,60547 ,0.29694,1.48468
121 ,61051 ,0.30633,1.53163
122 ,61555 ,0.33300,1.66498
123 ,62060 ,0.31597,1.57984
124 ,62564 ,0.30089,1.50444
125 ,63068 ,0.30338,1.51692
126 ,63573 ,0.30971,1.54854
127 ,64077 ,0.29637,1.48186
128 ,64581 ,0.29875,1.49376
129 ,65086 ,0.30232,1.51162
130 ,65591 ,0.29939,1.49694
131 ,66095 ,0.30025,1.50127
132 ,66600 ,0.31171,1.55855
133 ,67104 ,0.29825,1.49125
134 ,67608 ,0.31597,1.57984
135 ,68113 ,0.34030,1.70149
136 ,68621 ,0.30014,1.50069
137 ,69125 ,0.31778,1.58892
138 ,69629 ,0.29606,1.48030
139 ,70134 ,0.30288,1.51442
140 ,70638 ,0.29280,1.46402
141 ,71142 ,0.31881,1.59406
142 ,71648 ,0.65158,3.25792
143 ,72153 ,0.65920,3.29602
144 ,72657 ,0.65404,3.27018
145 ,73161 ,0.42290,2.11449
146 ,73665 ,0.37006,1.85029
147 ,74170 ,0.37340,1.86700
148 ,74674 ,0.33318,1.66592
149 ,75178 ,0.32974,1.64870
150 ,75682 ,0.30295,1.51473
151 ,76187 ,0.30889,1.54447
152 ,76691 ,0.31019,1.55097
153 ,77197 ,0.30520,1.52598
154 ,77703 ,0.32004,1.60019
155 ,78208 ,0.31797,1.58986
156 ,78712 ,0.36693,1.83464
157 ,79216 ,0.32893,1.64463
158 ,79721 ,0.30264,1.51318
159 ,80226 ,0.31013,1.55065
160 ,80730 ,0.31202,1.56012
161 ,81235 ,0.31046,1.55229
162 ,81739 ,0.34145,1.70724
163 ,82243 ,0.30996,1.54979
164 ,82748 ,0.31675,1.58376
165 ,83253 ,0.29676,1.48382
166 ,83757 ,0.29881,1.49407
167 ,84262 ,0.29669,1.48343
168 ,84766 ,0.29831,1.49157
169 ,85270 ,0.29750,1.48750
170 ,85775 ,0.30401,1.52005
171 ,86281 ,0.30802,1.54009
172 ,86786 ,0.29800,1.49000
173 ,87290 ,0.29500,1.47498
174 ,87794 ,0.29794,1.48969
175 ,88300 ,0.30095,1.50475
176 ,88804 ,0.31556,1.57782
177 ,89308 ,0.32523,1.62617
178 ,89813 ,0.31390,1.56951
179 ,90317 ,0.30345,1.51723
180 ,90821 ,0.31641,1.58203
181 ,91326 ,0.30645,1.53223
182 ,91831 ,0.32937,1.64684
183 ,92335 ,0.31008,1.55042
184 ,92840 ,0.28091,1.40455
185 ,93344 ,0.45289,2.26443
186 ,93848 ,0.62142,3.10710
187 ,94352 ,0.54191,2.70955
188 ,94856 ,0.65253,3.26267
189 ,95363 ,0.50623,2.53113
190 ,95867 ,0.36161,1.80804
191 ,96373 ,0.31744,1.58719
192 ,96877 ,0.33243,1.66217
193 ,97382 ,0.31775,1.58875
194 ,97887 ,0.32649,1.63247
195 ,98391 ,0.29537,1.47685
196 ,98895 ,0.31547,1.57734
197 ,99401 ,0.31788,1.58938
198 ,99905 ,0.30827,1.54134
199 ,100410 ,0.39863,1.99316
200 ,100914 ,0.40111,2.00556
201 ,101418 ,0.40424,2.02121
202 ,101922 ,0.33400,1.66999
203 ,102428 ,0.31981,1.59906
204 ,102932 ,0.30951,1.54753
205 ,103438 ,0.29926,1.49632
206 ,103945 ,0.30620,1.53101
207 ,104449 ,0.27333,1.36667
208 ,104953 ,0.40387,2.01933
209 ,105457 ,0.61096,3.05482
210 ,105963 ,0.55434,2.77169
211 ,106467 ,0.32699,1.63497
212 ,106972 ,0.31916,1.59580
213 ,107476 ,0.39078,1.95391
214 ,107980 ,0.38126,1.90632
215 ,108485 ,0.31115,1.55574
216 ,108989 ,0.30926,1.54628
217 ,109495 ,0.30376,1.51880
218 ,109999 ,0.29838,1.49188
219 ,110503 ,0.31315,1.56575
220 ,111008 ,0.31027,1.55135
221 ,111512 ,0.31271,1.56356
222 ,112016 ,0.30645,1.53223
223 ,112522 ,0.29664,1.48320
224 ,113029 ,0.30827,1.54134
225 ,113533 ,0.32016,1.60081
226 ,114037 ,0.28761,1.43804
227 ,114542 ,0.29881,1.49407
228 ,115046 ,0.31488,1.57439
229 ,115552 ,0.29958,1.49788
230 ,116056 ,0.29944,1.49720
231 ,116560 ,0.29744,1.48718
232 ,117065 ,0.29424,1.47122
233 ,117569 ,0.29518,1.47592
234 ,118074 ,0.30470,1.52348
235 ,118578 ,0.29856,1.49282
236 ,119083 ,0.29806,1.49031
237 ,119587 ,0.29819,1.49094
238 ,120091 ,0.30389,1.51943
239 ,120596 ,0.29196,1.45978
240 ,121101 ,0.29970,1.49850
241 ,121608 ,0.31910,1.59549
242 ,122112 ,0.30313,1.51567
243 ,122617 ,0.30451,1.52256
244 ,123121 ,0.47530,2.37649
245 ,123625 ,0.44448,2.22238
246 ,124131 ,0.42399,2.11995
247 ,124635 ,0.30338,1.51692
248 ,125140 ,0.31015,1.55073
249 ,125644 ,0.30783,1.53915
250 ,126148 ,0.30082,1.50409
251 ,126653 ,0.28921,1.44604
252 ,127158 ,0.29533,1.47664
253 ,127663 ,0.29725,1.48624
254 ,128167 ,0.33694,1.68470
255 ,128671 ,0.29744,1.48718
256 ,129177 ,0.31319,1.56595
257 ,129681 ,0.29208,1.46040
258 ,130189 ,0.29833,1.49163
259 ,130694 ,0.29205,1.46026
260 ,131198 ,0.29700,1.48499
261 ,131703 ,0.28786,1.43929
262 ,132207 ,0.29255,1.46277
263 ,132712 ,0.28765,1.43823
264 ,133217 ,0.29477,1.47383
265 ,133721 ,0.33331,1.66655

sample ID, execution time, extra probe , dut probe
1 ,507 ,0.41182,2.05908
2 ,1011 ,0.63728,3.18641
3 ,1515 ,0.78776,3.93881
4 ,2019 ,0.59800,2.99002
5 ,2523 ,0.54803,2.74015
6 ,3027 ,0.46966,2.34832
7 ,3531 ,0.44174,2.20871
8 ,4035 ,0.45952,2.29761
9 ,4541 ,0.46353,2.31764
10 ,5045 ,0.45178,2.25892
11 ,5551 ,0.49194,2.45972
12 ,6055 ,0.45545,2.27726
13 ,6559 ,0.47617,2.38087
14 ,7063 ,0.40280,2.01401
15 ,7568 ,0.69237,3.46184
16 ,8072 ,0.71535,3.57677
17 ,8578 ,0.72124,3.60619
18 ,9083 ,0.64609,3.23044
19 ,9587 ,0.48425,2.42125
20 ,10092 ,0.63622,3.18110
21 ,10596 ,0.62568,3.12838
22 ,11100 ,0.37752,1.88761
23 ,11604 ,0.34395,1.71976
24 ,12108 ,0.33970,1.69848
25 ,12613 ,0.34088,1.70442
26 ,13118 ,0.33143,1.65714
27 ,13622 ,0.33899,1.69493
28 ,14130 ,0.38077,1.90385
29 ,14634 ,0.39867,1.99335
30 ,15138 ,0.36142,1.80710
31 ,15642 ,0.33631,1.68157
32 ,16147 ,0.34402,1.72008
33 ,16651 ,0.32724,1.63622
34 ,17156 ,0.33674,1.68369
35 ,17660 ,0.33400,1.66999
36 ,18164 ,0.34583,1.72915
37 ,18670 ,0.34717,1.73584
38 ,19174 ,0.35560,1.77798
39 ,19678 ,0.46590,2.32949
40 ,20183 ,0.46940,2.34698
41 ,20688 ,0.40412,2.02058
42 ,21192 ,0.36305,1.81524
43 ,21696 ,0.37231,1.86156
44 ,22200 ,0.35228,1.76139
45 ,22704 ,0.35335,1.76675
46 ,23212 ,0.33930,1.69649
47 ,23716 ,0.34026,1.70129
48 ,24220 ,0.35616,1.78080
49 ,24725 ,0.34602,1.73009
50 ,25229 ,0.36837,1.84184
51 ,25733 ,0.34011,1.70055
52 ,26237 ,0.36887,1.84435
53 ,26741 ,0.32880,1.64401
54 ,27245 ,0.34051,1.70255
55 ,27750 ,0.31778,1.58892
56 ,28254 ,0.32425,1.62123
57 ,28759 ,0.63809,3.19047
58 ,29263 ,0.46497,2.32484
59 ,29767 ,0.43817,2.19087
60 ,30271 ,0.38565,1.92824
61 ,30777 ,0.34717,1.73584
62 ,31281 ,0.59456,2.97281
63 ,31785 ,0.48588,2.42939
64 ,32293 ,0.34598,1.72990
65 ,32797 ,0.33563,1.67813
66 ,33301 ,0.33206,1.66029
67 ,33805 ,0.33199,1.65997
68 ,34310 ,0.34292,1.71460
69 ,34814 ,0.33231,1.66154
70 ,35318 ,0.33575,1.67875
71 ,35822 ,0.34220,1.71100
72 ,36326 ,0.33919,1.69597
73 ,36830 ,0.32662,1.63310
74 ,37336 ,0.33024,1.65121
75 ,37840 ,0.31947,1.59737
76 ,38344 ,0.32480,1.62398
77 ,38848 ,0.33181,1.65903
78 ,39353 ,0.33588,1.67938
79 ,39857 ,0.32881,1.64403
80 ,40361 ,0.32267,1.61333
81 ,40865 ,0.33613,1.68063
82 ,41369 ,0.35416,1.77078
83 ,41876 ,0.34508,1.72540
84 ,42381 ,0.32393,1.61967
85 ,42885 ,0.32331,1.61655
86 ,43390 ,0.32980,1.64902
87 ,43894 ,0.33400,1.66999
88 ,44398 ,0.32636,1.63180
89 ,44902 ,0.32373,1.61865
90 ,45406 ,0.32356,1.61780
91 ,45912 ,0.33855,1.69274
92 ,46416 ,0.33531,1.67656
93 ,46920 ,0.29913,1.49564
94 ,47424 ,0.40812,2.04061
95 ,47928 ,0.65729,3.28646
96 ,48432 ,0.43442,2.17210
97 ,48938 ,0.42999,2.14993
98 ,49442 ,0.37751,1.88754
99 ,49946 ,0.36242,1.81210
100 ,50450 ,0.36699,1.83496
101 ,50957 ,0.33700,1.68502
102 ,51461 ,0.32824,1.64122
103 ,51966 ,0.32254,1.61271
104 ,52470 ,0.32223,1.61114
105 ,52974 ,0.33074,1.65371
106 ,53478 ,0.33412,1.67062
107 ,53983 ,0.33386,1.66932
108 ,54488 ,0.33274,1.66370
109 ,54992 ,0.33156,1.65778
110 ,55496 ,0.33988,1.69941
111 ,56002 ,0.33611,1.68056
112 ,56506 ,0.33218,1.66091
113 ,57011 ,0.30832,1.54160
114 ,57516 ,0.33118,1.65589
115 ,58021 ,0.72035,3.60175
116 ,58525 ,0.51411,2.57057
117 ,59029 ,0.36536,1.82682
118 ,59534 ,0.33813,1.69065
119 ,60041 ,0.34642,1.73209
120 ,60546 ,0.34804,1.74021
121 ,61050 ,0.35028,1.75138
122 ,61554 ,0.37682,1.88410
123 ,62059 ,0.35992,1.79958
124 ,62563 ,0.35284,1.76421
125 ,63067 ,0.35985,1.79923
126 ,63572 ,0.32893,1.64464
127 ,64076 ,0.33387,1.66936
128 ,64580 ,0.32955,1.64777
129 ,65084 ,0.33487,1.67437
130 ,65589 ,0.33842,1.69212
131 ,66094 ,0.33686,1.68431
132 ,66598 ,0.36361,1.81805
133 ,67103 ,0.30820,1.54102
134 ,67608 ,0.64284,3.21420
135 ,68112 ,0.51299,2.56493
136 ,68619 ,0.46209,2.31044
137 ,69124 ,0.39782,1.98910
138 ,69628 ,0.34583,1.72915
139 ,70133 ,0.36142,1.80710
140 ,70638 ,0.36859,1.84295
141 ,71142 ,0.34902,1.74512
142 ,71647 ,0.33374,1.66870
143 ,72152 ,0.33967,1.69836
144 ,72656 ,0.33556,1.67782
145 ,73160 ,0.32836,1.64182
146 ,73665 ,0.33381,1.66905
147 ,74169 ,0.34996,1.74981
148 ,74673 ,0.32812,1.64059
149 ,75178 ,0.33124,1.65622
150 ,75682 ,0.33362,1.66811
151 ,76186 ,0.32805,1.64025
152 ,76690 ,0.32780,1.63900
153 ,77195 ,0.33749,1.68743
154 ,77703 ,0.32787,1.63934
155 ,78207 ,0.33487,1.67437
156 ,78711 ,0.33268,1.66342
157 ,79215 ,0.33487,1.67437
158 ,79720 ,0.30558,1.52788
159 ,80224 ,0.46403,2.32013
160 ,80729 ,0.63291,3.16455
161 ,81233 ,0.44963,2.24815
162 ,81738 ,0.39792,1.98959
163 ,82243 ,0.56065,2.80323
164 ,82747 ,0.54698,2.73491
165 ,83251 ,0.34461,1.72303
166 ,83757 ,0.33368,1.66839
167 ,84261 ,0.32617,1.63086
168 ,84765 ,0.33062,1.65309
169 ,85270 ,0.32905,1.64526
170 ,85774 ,0.33513,1.67563
171 ,86281 ,0.36959,1.84795
172 ,86786 ,0.34817,1.74084
173 ,87291 ,0.33406,1.67030
174 ,87795 ,0.33149,1.65747
175 ,88299 ,0.33287,1.66436
176 ,88803 ,0.34320,1.71601
177 ,89308 ,0.35797,1.78986
178 ,89812 ,0.35779,1.78894
179 ,90316 ,0.36267,1.81336
180 ,90820 ,0.34308,1.71538
181 ,91326 ,0.36197,1.80985
182 ,91830 ,0.35304,1.76519
183 ,92336 ,0.31063,1.55315
184 ,92840 ,0.32962,1.64808
185 ,93344 ,0.47524,2.37618
186 ,93848 ,0.39147,1.95735
187 ,94352 ,0.35547,1.77736
188 ,94857 ,0.31444,1.57220
189 ,95373 ,0.34573,1.72866
190 ,95877 ,0.37371,1.86856
191 ,96381 ,0.31760,1.58798
192 ,96886 ,0.30501,1.52506
193 ,97390 ,0.31090,1.55448
194 ,97894 ,0.30695,1.53476
195 ,98399 ,0.30894,1.54472
196 ,98904 ,0.30270,1.51349
197 ,99408 ,0.29875,1.49376
198 ,99913 ,0.30326,1.51629
199 ,100417 ,0.30464,1.52318
200 ,100921 ,0.31284,1.56419
201 ,101426 ,0.34248,1.71242
202 ,101930 ,0.32711,1.63556
203 ,102435 ,0.30389,1.51943
204 ,102939 ,0.30520,1.52600
205 ,103443 ,0.28924,1.44618
206 ,103949 ,0.29926,1.49632
207 ,104456 ,0.29333,1.46665
208 ,104961 ,0.29933,1.49663
209 ,105466 ,0.29556,1.47779
210 ,105970 ,0.30426,1.52130
211 ,106475 ,0.32548,1.62742
212 ,106979 ,0.29481,1.47404
213 ,107483 ,0.30426,1.52130
214 ,107988 ,0.29205,1.46026
215 ,108492 ,0.29556,1.47779
216 ,108997 ,0.30213,1.51066
217 ,109501 ,0.31378,1.56888
218 ,110006 ,0.30251,1.51255
219 ,110511 ,0.29233,1.46165
220 ,111016 ,0.34677,1.73385
221 ,111520 ,0.57797,2.88986
222 ,112024 ,0.37388,1.86939
223 ,112528 ,0.39216,1.96079
224 ,113035 ,0.38289,1.91447
225 ,113541 ,0.38983,1.94913
226 ,114045 ,0.34477,1.72383
227 ,114550 ,0.30507,1.52537
228 ,115054 ,0.29230,1.46152
229 ,115558 ,0.29212,1.46058
230 ,116063 ,0.29876,1.49382
231 ,116568 ,0.30620,1.53098
232 ,117073 ,0.30370,1.51849
233 ,117577 ,0.30439,1.52193
234 ,118081 ,0.28880,1.44399
235 ,118586 ,0.29287,1.46433
236 ,119090 ,0.29989,1.49944
237 ,119595 ,0.29631,1.48155
238 ,120099 ,0.28967,1.44837
239 ,120603 ,0.28573,1.42865
240 ,121108 ,0.25975,1.29874
241 ,121615 ,0.35929,1.79645
242 ,122119 ,0.35978,1.79892
243 ,122624 ,0.34746,1.73729
244 ,123128 ,0.34232,1.71162
245 ,123632 ,0.33763,1.68815
246 ,124136 ,0.36480,1.82400
247 ,124642 ,0.33880,1.69399
248 ,125146 ,0.32737,1.63684
249 ,125651 ,0.32398,1.61991
250 ,126155 ,0.33657,1.68283
251 ,126659 ,0.34164,1.70818
252 ,127165 ,0.31800,1.59000
253 ,127669 ,0.32100,1.60499
254 ,128175 ,0.32194,1.60968
255 ,128679 ,0.28861,1.44305
256 ,129183 ,0.35341,1.76703
257 ,129688 ,0.41163,2.05814
258 ,130195 ,0.37951,1.89756
259 ,130699 ,0.41462,2.07311
260 ,131205 ,0.40756,2.03782
261 ,131709 ,0.33225,1.66123

sample ID, execution time, extra probe , dut probe
1 ,507 ,0.38809,1.94045
2 ,1012 ,0.62279,3.11396
3 ,1517 ,0.41667,2.08333
4 ,2022 ,0.44167,2.20833
5 ,2526 ,0.39053,1.95265
6 ,3030 ,0.25605,1.28027
7 ,3534 ,0.24829,1.24146
8 ,4038 ,0.22500,1.12501
9 ,4542 ,0.22707,1.13534
10 ,5046 ,0.23245,1.16226
11 ,5550 ,0.22895,1.14473
12 ,6054 ,0.26782,1.33912
13 ,6559 ,0.24065,1.20327
14 ,7067 ,0.23019,1.15093
15 ,7571 ,0.25567,1.27834
16 ,8075 ,0.23502,1.17510
17 ,8580 ,0.23176,1.15882
18 ,9084 ,0.23533,1.17666
19 ,9588 ,0.23083,1.15413
20 ,10093 ,0.23218,1.16092
21 ,10598 ,0.22469,1.12345
22 ,11102 ,0.26951,1.34757
23 ,11607 ,0.22838,1.14192
24 ,12111 ,0.23101,1.15506
25 ,12616 ,0.23565,1.17823
26 ,13120 ,0.24973,1.24867
27 ,13624 ,0.23308,1.16539
28 ,14129 ,0.22995,1.14974
29 ,14633 ,0.22845,1.14223
30 ,15138 ,0.23327,1.16633
31 ,15643 ,0.22344,1.11720
32 ,16150 ,0.27753,1.38764
33 ,16656 ,0.25554,1.27772
34 ,17160 ,0.23176,1.15882
35 ,17664 ,0.22895,1.14473
36 ,18169 ,0.23709,1.18543
37 ,18673 ,0.22857,1.14286
38 ,19178 ,0.24599,1.22994
39 ,19682 ,0.21974,1.09872
40 ,20186 ,0.22350,1.11750
41 ,20691 ,0.22788,1.13941
42 ,21195 ,0.27440,1.37199
43 ,21699 ,0.22962,1.14812
44 ,22204 ,0.25080,1.25398
45 ,22708 ,0.22657,1.13284
46 ,23212 ,0.22713,1.13566
47 ,23717 ,0.22813,1.14066
48 ,24221 ,0.23095,1.15475
49 ,24726 ,0.23037,1.15187
50 ,25234 ,0.22831,1.14156
51 ,25738 ,0.24178,1.20890
52 ,26242 ,0.28911,1.44555
53 ,26747 ,0.24654,1.23269
54 ,27251 ,0.25267,1.26337
55 ,27756 ,0.24361,1.21807
56 ,28261 ,0.23531,1.17654
57 ,28765 ,0.23239,1.16195
58 ,29270 ,0.23489,1.17447
59 ,29774 ,0.23070,1.15350
60 ,30278 ,0.22932,1.14661
61 ,30783 ,0.23475,1.17373
62 ,31287 ,0.27396,1.36980
63 ,31791 ,0.24679,1.23395
64 ,32296 ,0.24623,1.23113
65 ,32800 ,0.24322,1.21611
66 ,33305 ,0.23518,1.17591
67 ,33810 ,0.22581,1.12907
68 ,34315 ,0.23032,1.15162
69 ,34821 ,0.23064,1.15319
70 ,35326 ,0.23064,1.15319
71 ,35830 ,0.23433,1.17166
72 ,36334 ,0.38352,1.91759
73 ,36839 ,0.22832,1.14161
74 ,37343 ,0.18894,0.94471
75 ,37848 ,0.18368,0.91842
76 ,38352 ,0.19489,0.97445
77 ,38856 ,0.19214,0.96068
78 ,39361 ,0.19840,0.99198
79 ,39866 ,0.17397,0.86987
80 ,40371 ,0.17542,0.87710
81 ,40875 ,0.18387,0.91936
82 ,41379 ,0.28091,1.40455
83 ,41884 ,0.23352,1.16759
84 ,42388 ,0.24780,1.23899
85 ,42893 ,0.24216,1.21078
86 ,43397 ,0.23189,1.15945
87 ,43904 ,0.23032,1.15162
88 ,44408 ,0.22701,1.13503
89 ,44913 ,0.26081,1.30406
90 ,45417 ,0.25404,1.27022
91 ,45922 ,0.24723,1.23614
92 ,46426 ,0.37488,1.87440
93 ,46930 ,0.53421,2.67105
94 ,47434 ,0.40937,2.04687
95 ,47938 ,0.44142,2.20708
96 ,48444 ,0.38502,1.92508
97 ,48948 ,0.36724,1.83621
98 ,49452 ,0.32617,1.63086
99 ,49956 ,0.30407,1.52036
100 ,50461 ,0.30395,1.51974
101 ,50965 ,0.31051,1.55253
102 ,51469 ,0.32511,1.62554
103 ,51973 ,0.33657,1.68283
104 ,52478 ,0.31684,1.58422
105 ,52984 ,0.31165,1.55824
106 ,53490 ,0.31862,1.59312
107 ,53994 ,0.31432,1.57158
108 ,54498 ,0.31002,1.55010
109 ,55003 ,0.30169,1.50847
110 ,55507 ,0.30470,1.52350
111 ,56011 ,0.31490,1.57452
112 ,56516 ,0.33636,1.68181
113 ,57021 ,0.31250,1.56252
114 ,57525 ,0.30789,1.53946
115 ,58030 ,0.31916,1.59580
116 ,58534 ,0.32880,1.64401
117 ,59038 ,0.32824,1.64119
118 ,59542 ,0.31088,1.55440
119 ,60048 ,0.31719,1.58594
120 ,60552 ,0.30533,1.52663
121 ,61056 ,0.29894,1.49470
122 ,61561 ,0.32861,1.64307
123 ,62067 ,0.27371,1.36855
124 ,62572 ,0.23681,1.18403
125 ,63078 ,0.22875,1.14374
126 ,63582 ,0.21868,1.09340
127 ,64087 ,0.26970,1.34851
128 ,64591 ,0.25336,1.26681
129 ,65095 ,0.22200,1.10999
130 ,65599 ,0.22732,1.13660
131 ,66103 ,0.22744,1.13722
132 ,66608 ,0.26263,1.31314
133 ,67112 ,0.24291,1.21454
134 ,67616 ,0.24704,1.23520
135 ,68121 ,0.23400,1.16998
136 ,68627 ,0.23524,1.17622
137 ,69131 ,0.23314,1.16571
138 ,69636 ,0.22287,1.11437
139 ,70140 ,0.22325,1.11625
140 ,70647 ,0.22632,1.13159
141 ,71153 ,0.23537,1.17685
142 ,71657 ,0.27234,1.36172
143 ,72162 ,0.23527,1.17635
144 ,72666 ,0.22876,1.14380
145 ,73170 ,0.23026,1.15131
146 ,73675 ,0.23283,1.16414
147 ,74179 ,0.22969,1.14843
148 ,74684 ,0.22970,1.14849
149 ,75188 ,0.23464,1.17322
150 ,75693 ,0.22388,1.11938
151 ,76197 ,0.22338,1.11688
152 ,76702 ,0.27302,1.36510
153 ,77206 ,0.22975,1.14874
154 ,77712 ,0.22444,1.12220
155 ,78216 ,0.22776,1.13879
156 ,78721 ,0.22995,1.14974
157 ,79225 ,0.24704,1.23520
158 ,79732 ,0.23339,1.16696
159 ,80236 ,0.23231,1.16155
160 ,80741 ,0.22701,1.13503
161 ,81245 ,0.25142,1.25711
162 ,81750 ,0.28679,1.43397
163 ,82254 ,0.25042,1.25210
164 ,82758 ,0.23302,1.16508
165 ,83262 ,0.22795,1.13973
166 ,83766 ,0.22550,1.12752
167 ,84271 ,0.24936,1.24678
168 ,84775 ,0.24303,1.21517
169 ,85279 ,0.28360,1.41801
170 ,85784 ,0.24880,1.24399
171 ,86290 ,0.24705,1.23525
172 ,86794 ,0.32774,1.63869
173 ,87298 ,0.33506,1.67531
174 ,87802 ,0.32793,1.63963
175 ,88307 ,0.26457,1.32285
176 ,88814 ,0.24624,1.23119
177 ,89319 ,0.24524,1.22619
178 ,89824 ,0.23727,1.18637
179 ,90328 ,0.24166,1.20828
180 ,90832 ,0.23583,1.17917
181 ,91337 ,0.25267,1.26337
182 ,91841 ,0.28983,1.44916
183 ,92346 ,0.23740,1.18699
184 ,92850 ,0.23277,1.16383
185 ,93355 ,0.22876,1.14380
186 ,93859 ,0.22757,1.13785
187 ,94364 ,0.22306,1.11531
188 ,94868 ,0.22057,1.10284
189 ,95373 ,0.22112,1.10561
190 ,95877 ,0.22701,1.13503
191 ,96382 ,0.23383,1.16915
192 ,96886 ,0.27866,1.39328
193 ,97394 ,0.22950,1.14749
194 ,97899 ,0.22981,1.14905
195 ,98403 ,0.22701,1.13503
196 ,98907 ,0.23402,1.17009
197 ,99412 ,0.25411,1.27057
198 ,99916 ,0.22876,1.14380
199 ,100422 ,0.22912,1.14562
200 ,100927 ,0.22594,1.12969
201 ,101431 ,0.26507,1.32535
202 ,101936 ,0.27878,1.39390
203 ,102440 ,0.24184,1.20922
204 ,102945 ,0.22820,1.14098
205 ,103449 ,0.22881,1.14406
206 ,103955 ,0.25448,1.27241
207 ,104459 ,0.24222,1.21110
208 ,104964 ,0.22744,1.13722
209 ,105468 ,0.22425,1.12126
210 ,105973 ,0.23007,1.15037
211 ,106479 ,0.23621,1.18105
212 ,106984 ,0.28034,1.40169
213 ,107489 ,0.23859,1.19294
214 ,107993 ,0.17442,0.87209
215 ,108498 ,0.17767,0.88837
216 ,109003 ,0.17141,0.85706
217 ,109507 ,0.17310,0.86550
218 ,110012 ,0.17517,0.87585
219 ,110516 ,0.17379,0.86896
220 ,111021 ,0.17523,0.87616
221 ,111525 ,0.23771,1.18856
222 ,112030 ,0.23057,1.15287
223 ,112535 ,0.26972,1.34860
224 ,113040 ,0.29520,1.47602
225 ,113544 ,0.30514,1.52569
226 ,114049 ,0.28573,1.42865
227 ,114553 ,0.28398,1.41988
228 ,115060 ,0.24009,1.20045
229 ,115565 ,0.23837,1.19184
230 ,116071 ,0.24024,1.20121
231 ,116575 ,0.26463,1.32316
232 ,117080 ,0.22751,1.13754
233 ,117584 ,0.22795,1.13973
234 ,118089 ,0.25361,1.26807
235 ,118593 ,0.25292,1.26460
236 ,119099 ,0.27384,1.36922
237 ,119603 ,0.27077,1.35384
238 ,120108 ,0.27164,1.35822
239 ,120612 ,0.26025,1.30125
240 ,121117 ,0.26595,1.32973
241 ,121621 ,0.28421,1.42106
242 ,122126 ,0.27183,1.35916
243 ,122630 ,0.26056,1.30281
244 ,123134 ,0.31033,1.55167
245 ,123641 ,0.37244,1.86219
246 ,124146 ,0.36211,1.81054
247 ,124650 ,0.34879,1.74396
248 ,125154 ,0.35121,1.75607
249 ,125660 ,0.31956,1.59781
250 ,126164 ,0.35203,1.76014
251 ,126668 ,0.32292,1.61458
252 ,127174 ,0.32656,1.63278
253 ,127678 ,0.31669,1.58344
254 ,128183 ,0.29938,1.49689
255 ,128687 ,0.29957,1.49783
256 ,129191 ,0.30670,1.53351
257 ,129696 ,0.30946,1.54728
258 ,130200 ,0.31101,1.55503
259 ,130706 ,0.29870,1.49351
260 ,131210 ,0.30633,1.53163
261 ,131715 ,0.30382,1.51911
262 ,132221 ,0.30338,1.51692
263 ,132726 ,0.29963,1.49814
264 ,133230 ,0.29951,1.49756
265 ,133735 ,0.30733,1.53664
