
sample ID, execution time, extra probe , dut probe
1 ,556 ,0.24410,1.22049
2 ,1060 ,0.21819,1.09097
3 ,1565 ,0.20203,1.01013
4 ,2069 ,0.19489,0.97445
5 ,2573 ,0.23045,1.15225
6 ,3077 ,0.25380,1.26900
7 ,3583 ,0.19658,0.98292
8 ,4087 ,0.19252,0.96262
9 ,4591 ,0.21405,1.07023
10 ,5095 ,0.28385,1.41926
11 ,5599 ,0.32386,1.61928
12 ,6104 ,0.24716,1.23582
13 ,6608 ,0.25117,1.25586
14 ,7114 ,0.18603,0.93014
15 ,7618 ,0.27941,1.39703
16 ,8122 ,0.27064,1.35321
17 ,8626 ,0.20090,1.00450
18 ,9131 ,0.19708,0.98540
19 ,9650 ,0.30764,1.53821
20 ,10154 ,0.32091,1.60457
21 ,10659 ,0.28715,1.43573
22 ,11163 ,0.25405,1.27026
23 ,11667 ,0.26225,1.31126
24 ,12172 ,0.26620,1.33098
25 ,12676 ,0.29093,1.45463
26 ,13180 ,0.29751,1.48757
27 ,13685 ,0.30413,1.52067
28 ,14190 ,0.32429,1.62147
29 ,14694 ,0.29487,1.47435
30 ,15198 ,0.54260,2.71299
31 ,15702 ,0.69329,3.46645
32 ,16206 ,0.80498,4.02490
33 ,16710 ,0.67463,3.37317
34 ,17214 ,0.48613,2.43064
35 ,17718 ,0.40130,2.00649
36 ,18222 ,0.35679,1.78393
37 ,18741 ,0.39692,1.98458
38 ,19245 ,0.41883,2.09414
39 ,19749 ,0.39763,1.98816
40 ,20255 ,0.39108,1.95538
41 ,20759 ,0.31929,1.59643
42 ,21263 ,0.31847,1.59236
43 ,21767 ,0.34182,1.70912
44 ,22271 ,0.31440,1.57201
45 ,22776 ,0.31631,1.58157
46 ,23280 ,0.31102,1.55511
47 ,23784 ,0.32968,1.64839
48 ,24288 ,0.39867,1.99335
49 ,24792 ,0.34207,1.71037
50 ,25297 ,0.30807,1.54035
51 ,25802 ,0.30264,1.51318
52 ,26306 ,0.33231,1.66154
53 ,26810 ,0.34696,1.73479
54 ,27315 ,0.37438,1.87189
55 ,27834 ,0.34026,1.70129
56 ,28338 ,0.38527,1.92636
57 ,28842 ,0.37238,1.86188
58 ,29346 ,0.36565,1.82827
59 ,29850 ,0.35666,1.78331
60 ,30355 ,0.35829,1.79145
61 ,30859 ,0.35516,1.77579
62 ,31363 ,0.36380,1.81899
63 ,31867 ,0.34423,1.72116
64 ,32372 ,0.35391,1.76957
65 ,32877 ,0.33475,1.67375
66 ,33382 ,0.69618,3.48090
67 ,33887 ,0.57689,2.88443
68 ,34391 ,0.45752,2.28759
69 ,34895 ,0.37846,1.89229
70 ,35401 ,0.54347,2.71736
71 ,35906 ,0.55577,2.77887
72 ,36410 ,0.33550,1.67750
73 ,36914 ,0.31159,1.55793
74 ,37433 ,0.27070,1.35352
75 ,37938 ,0.26545,1.32723
76 ,38442 ,0.27258,1.36291
77 ,38946 ,0.26391,1.31956
78 ,39451 ,0.26488,1.32441
79 ,39955 ,0.27415,1.37074
80 ,40459 ,0.24529,1.22643
81 ,40963 ,0.28122,1.40611
82 ,41468 ,0.33767,1.68837
83 ,41973 ,0.31675,1.58376
84 ,42477 ,0.31853,1.59267
85 ,42982 ,0.31002,1.55010
86 ,43486 ,0.31490,1.57452
87 ,43990 ,0.30952,1.54760
88 ,44494 ,0.30457,1.52286
89 ,44999 ,0.30069,1.50346
90 ,45503 ,0.31190,1.55949
91 ,46007 ,0.31766,1.58829
92 ,46526 ,0.31152,1.55761
93 ,47030 ,0.30126,1.50628
94 ,47534 ,0.30119,1.50597
95 ,48038 ,0.31515,1.57577
96 ,48543 ,0.32325,1.61623
97 ,49047 ,0.30952,1.54760
98 ,49551 ,0.28611,1.43053
99 ,50056 ,0.28116,1.40580
100 ,50560 ,0.27653,1.38263
101 ,51064 ,0.28808,1.44042
102 ,51570 ,0.29602,1.48008
103 ,52074 ,0.28892,1.44461
104 ,52579 ,0.30733,1.53664
105 ,53083 ,0.30902,1.54509
106 ,53588 ,0.32393,1.61967
107 ,54093 ,0.28440,1.42199
108 ,54597 ,0.29794,1.48969
109 ,55101 ,0.29881,1.49407
110 ,55620 ,0.29437,1.47185
111 ,56125 ,0.29800,1.49000
112 ,56629 ,0.31303,1.56513
113 ,57133 ,0.30188,1.50941
114 ,57638 ,0.29114,1.45572
115 ,58143 ,0.28890,1.44448
116 ,58648 ,0.28917,1.44586
117 ,59152 ,0.28304,1.41519
118 ,59656 ,0.28210,1.41049
119 ,60161 ,0.27884,1.39422
120 ,60665 ,0.29052,1.45260
121 ,61171 ,0.30838,1.54191
122 ,61675 ,0.28924,1.44618
123 ,62179 ,0.28673,1.43366
124 ,62684 ,0.28423,1.42114
125 ,63188 ,0.28604,1.43021
126 ,63693 ,0.29052,1.45260
127 ,64213 ,0.28648,1.43240
128 ,64717 ,0.28708,1.43542
129 ,65221 ,0.27947,1.39735
130 ,65726 ,0.27841,1.39203
131 ,66230 ,0.29988,1.49939
132 ,66734 ,0.29550,1.47748
133 ,67239 ,0.28409,1.42043
134 ,67744 ,0.28890,1.44448
135 ,68249 ,0.28698,1.43491
136 ,68753 ,0.28310,1.41550
137 ,69257 ,0.28354,1.41769
138 ,69762 ,0.29080,1.45400
139 ,70266 ,0.27928,1.39638
140 ,70772 ,0.27722,1.38608
141 ,71276 ,0.28291,1.41456
142 ,71780 ,0.29975,1.49877
143 ,72285 ,0.28767,1.43835
144 ,72789 ,0.29030,1.45150
145 ,73308 ,0.28204,1.41018
146 ,73812 ,0.27997,1.39985
147 ,74317 ,0.28796,1.43979
148 ,74821 ,0.27803,1.39015
149 ,75325 ,0.28535,1.42677
150 ,75830 ,0.27684,1.38420
151 ,76334 ,0.29512,1.47560
152 ,76839 ,0.28059,1.40294
153 ,77344 ,0.28159,1.40794
154 ,77848 ,0.27609,1.38044
155 ,78353 ,0.27045,1.35227
156 ,78857 ,0.28717,1.43585
157 ,79361 ,0.27822,1.39108
158 ,79866 ,0.27921,1.39607
159 ,80371 ,0.28103,1.40513
160 ,80876 ,0.28510,1.42552
161 ,81380 ,0.30695,1.53476
162 ,81884 ,0.28648,1.43241
163 ,82404 ,0.27496,1.37481
164 ,82908 ,0.28053,1.40267
165 ,83412 ,0.28247,1.41237
166 ,83917 ,0.28046,1.40232
167 ,84421 ,0.29356,1.46778
168 ,84925 ,0.27571,1.37856
169 ,85430 ,0.27402,1.37011
170 ,85934 ,0.28047,1.40235
171 ,86438 ,0.27647,1.38233
172 ,86944 ,0.27815,1.39076
173 ,87448 ,0.27903,1.39515
174 ,87953 ,0.27665,1.38326
175 ,88457 ,0.27684,1.38420
176 ,88961 ,0.28623,1.43115
177 ,89466 ,0.29058,1.45291
178 ,89971 ,0.29108,1.45541
179 ,90476 ,0.28798,1.43992
180 ,90995 ,0.28454,1.42270
181 ,91499 ,0.28767,1.43835
182 ,92004 ,0.28924,1.44618
183 ,92508 ,0.27653,1.38263
184 ,93012 ,0.28266,1.41331
185 ,93516 ,0.27784,1.38921
186 ,94020 ,0.27358,1.36792
187 ,94524 ,0.27928,1.39641
188 ,95029 ,0.27527,1.37637
189 ,95533 ,0.28498,1.42489
190 ,96038 ,0.27384,1.36922
191 ,96543 ,0.27359,1.36797
192 ,97048 ,0.27127,1.35634
193 ,97552 ,0.27884,1.39422
194 ,98056 ,0.29118,1.45588
195 ,98561 ,0.29149,1.45745
196 ,99065 ,0.27647,1.38233
197 ,99571 ,0.27540,1.37702
198 ,100091 ,0.27547,1.37734
199 ,100596 ,0.27553,1.37762
200 ,101100 ,0.27891,1.39453
201 ,101605 ,0.28085,1.40423
202 ,102109 ,0.28629,1.43147
203 ,102614 ,0.27609,1.38044
204 ,103118 ,0.28309,1.41543
205 ,103623 ,0.28010,1.40048
206 ,104127 ,0.28147,1.40736
207 ,104631 ,0.28204,1.41018
208 ,105136 ,0.28191,1.40955
209 ,105641 ,0.27846,1.39232
210 ,106146 ,0.27597,1.37983
211 ,106650 ,0.28567,1.42833
212 ,107155 ,0.27471,1.37356
213 ,107659 ,0.28398,1.41988
214 ,108164 ,0.27590,1.37950
215 ,108683 ,0.27640,1.38201
216 ,109188 ,0.27747,1.38733
217 ,109692 ,0.27921,1.39607
218 ,110197 ,0.27703,1.38514
219 ,110701 ,0.27383,1.36917
220 ,111206 ,0.27972,1.39860
221 ,111710 ,0.27365,1.36823
222 ,112215 ,0.27734,1.38670
223 ,112719 ,0.26722,1.33611
224 ,113225 ,0.32587,1.62935
225 ,113729 ,0.33181,1.65904
226 ,114234 ,0.32198,1.60989
227 ,114738 ,0.32292,1.61458
228 ,115243 ,0.30445,1.52224
229 ,115747 ,0.31001,1.55003
230 ,116252 ,0.28022,1.40110
231 ,116756 ,0.30689,1.53445
232 ,117276 ,0.27584,1.37919
233 ,117780 ,0.29374,1.46872
234 ,118284 ,0.33018,1.65090
235 ,118789 ,0.31140,1.55699
236 ,119294 ,0.27397,1.36984
237 ,119799 ,0.21732,1.08660
238 ,120304 ,0.25856,1.29279
239 ,120808 ,0.26150,1.30751
240 ,121313 ,0.23633,1.18167
241 ,121817 ,0.22068,1.10341
242 ,122322 ,0.22157,1.10783
243 ,122827 ,0.22338,1.11689
244 ,123332 ,0.21937,1.09684
245 ,123836 ,0.22206,1.11030
246 ,124341 ,0.22043,1.10216
247 ,124845 ,0.22363,1.11813
248 ,125350 ,0.22219,1.11096
249 ,125871 ,0.22275,1.11374
250 ,126375 ,0.22275,1.11377
251 ,126881 ,0.22394,1.11970
252 ,127386 ,0.24785,1.23927
253 ,127890 ,0.23984,1.19920
254 ,128395 ,0.22112,1.10561
255 ,128899 ,0.21799,1.08995
256 ,129403 ,0.22275,1.11375
257 ,129909 ,0.22307,1.11533
258 ,130413 ,0.22068,1.10341
259 ,130918 ,0.22081,1.10404
260 ,131422 ,0.22331,1.11656
261 ,131927 ,0.22081,1.10404
262 ,132431 ,0.22257,1.11283
263 ,132937 ,0.22250,1.11252
264 ,133442 ,0.22381,1.11907
265 ,133946 ,0.21899,1.09496
266 ,134465 ,0.27465,1.37324
267 ,134971 ,0.33849,1.69243
268 ,135475 ,0.49339,2.46696
269 ,135979 ,0.61353,3.06765
270 ,136484 ,0.45622,2.28109

sample ID, execution time, extra probe , dut probe
1 ,506 ,0.30526,1.52630
2 ,1010 ,0.24886,1.24428
3 ,1514 ,0.25900,1.29499
4 ,2018 ,0.29280,1.46402
5 ,2524 ,0.28509,1.42543
6 ,3028 ,0.33499,1.67494
7 ,3532 ,0.33106,1.65528
8 ,4036 ,0.26607,1.33036
9 ,4540 ,0.25130,1.25648
10 ,5045 ,0.25681,1.28403
11 ,5549 ,0.57170,2.85851
12 ,6054 ,0.39838,1.99191
13 ,6574 ,0.34785,1.73927
14 ,7080 ,0.27103,1.35516
15 ,7584 ,0.29049,1.45244
16 ,8088 ,0.47893,2.39465
17 ,8592 ,0.37538,1.87690
18 ,9096 ,0.27934,1.39672
19 ,9600 ,0.32587,1.62935
20 ,10104 ,0.35810,1.79051
21 ,10610 ,0.31469,1.57345
22 ,11114 ,0.29387,1.46934
23 ,11618 ,0.30326,1.51629
24 ,12124 ,0.29121,1.45603
25 ,12628 ,0.33624,1.68119
26 ,13132 ,0.31284,1.56419
27 ,13636 ,0.28348,1.41738
28 ,14141 ,0.22838,1.14192
29 ,14645 ,0.23133,1.15663
30 ,15149 ,0.56215,2.81073
31 ,15654 ,0.54809,2.74046
32 ,16175 ,0.52149,2.60743
33 ,16680 ,0.34667,1.73334
34 ,17184 ,0.35647,1.78237
35 ,17688 ,0.36499,1.82494
36 ,18193 ,0.29318,1.46590
37 ,18697 ,0.31872,1.59361
38 ,19201 ,0.35335,1.76675
39 ,19706 ,0.72678,3.63391
40 ,20210 ,0.58805,2.94025
41 ,20714 ,0.46165,2.30825
42 ,21218 ,0.36004,1.80021
43 ,21724 ,0.37278,1.86388
44 ,22228 ,0.35416,1.77081
45 ,22732 ,0.34596,1.72978
46 ,23236 ,0.38978,1.94890
47 ,23740 ,0.34833,1.74167
48 ,24245 ,0.34596,1.72978
49 ,24749 ,0.36996,1.84982
50 ,25269 ,0.34088,1.70442
51 ,25773 ,0.34073,1.70367
52 ,26278 ,0.34323,1.71616
53 ,26782 ,0.36317,1.81586
54 ,27287 ,0.40443,2.02214
55 ,27791 ,0.37100,1.85499
56 ,28295 ,0.37281,1.86407
57 ,28799 ,0.38246,1.91228
58 ,29303 ,0.38227,1.91133
59 ,29807 ,0.38508,1.92542
60 ,30313 ,0.39395,1.96974
61 ,30817 ,0.40274,2.01369
62 ,31321 ,0.63897,3.19484
63 ,31826 ,0.59450,2.97249
64 ,32330 ,0.39216,1.96079
65 ,32835 ,0.34840,1.74199
66 ,33340 ,0.59019,2.95095
67 ,33845 ,0.70280,3.51400
68 ,34363 ,0.55499,2.77497
69 ,34867 ,0.49264,2.46320
70 ,35371 ,0.68687,3.43437
71 ,35875 ,0.70462,3.52311
72 ,36379 ,0.73987,3.69934
73 ,36883 ,0.58098,2.90488
74 ,37387 ,0.33556,1.67782
75 ,37891 ,0.30064,1.50319
76 ,38397 ,0.28927,1.44635
77 ,38901 ,0.29393,1.46965
78 ,39405 ,0.28961,1.44806
79 ,39909 ,0.26282,1.31408
80 ,40414 ,0.29017,1.45087
81 ,40918 ,0.27740,1.38702
82 ,41422 ,0.27033,1.35164
83 ,41927 ,0.34445,1.72227
84 ,42432 ,0.60886,3.04432
85 ,42936 ,0.56664,2.83320
86 ,43441 ,0.39264,1.96318
87 ,43960 ,0.31841,1.59205
88 ,44465 ,0.31950,1.59750
89 ,44970 ,0.31581,1.57907
90 ,45474 ,0.31979,1.59893
91 ,45978 ,0.56326,2.81629
92 ,46482 ,0.53039,2.65195
93 ,46986 ,0.38158,1.90789
94 ,47491 ,0.31681,1.58407
95 ,47997 ,0.57325,2.86626
96 ,48501 ,0.62148,3.10741
97 ,49005 ,0.57428,2.87139
98 ,49509 ,0.33362,1.66811
99 ,50013 ,0.30457,1.52287
100 ,50518 ,0.30726,1.53629
101 ,51022 ,0.32398,1.61991
102 ,51526 ,0.46171,2.30857
103 ,52030 ,0.54492,2.72458
104 ,52535 ,0.48431,2.42157
105 ,53054 ,0.44331,2.21654
106 ,53558 ,0.54811,2.74054
107 ,54062 ,0.42799,2.13994
108 ,54567 ,0.27709,1.38545
109 ,55071 ,0.28235,1.41174
110 ,55575 ,0.30802,1.54009
111 ,56080 ,0.28980,1.44899
112 ,56584 ,0.30664,1.53320
113 ,57088 ,0.29077,1.45384
114 ,57593 ,0.29468,1.47341
115 ,58097 ,0.28335,1.41675
116 ,58601 ,0.28097,1.40486
117 ,59106 ,0.28235,1.41174
118 ,59610 ,0.27328,1.36640
119 ,60116 ,0.27441,1.37203
120 ,60620 ,0.29017,1.45087
121 ,61124 ,0.28304,1.41519
122 ,61643 ,0.28222,1.41112
123 ,62148 ,0.27765,1.38827
124 ,62652 ,0.27396,1.36980
125 ,63157 ,0.27283,1.36417
126 ,63661 ,0.27366,1.36828
127 ,64167 ,0.28096,1.40482
128 ,64671 ,0.27515,1.37575
129 ,65175 ,0.27390,1.36949
130 ,65680 ,0.27346,1.36730
131 ,66184 ,0.27152,1.35759
132 ,66688 ,0.27378,1.36890
133 ,67194 ,0.27903,1.39513
134 ,67698 ,0.27158,1.35791
135 ,68203 ,0.30414,1.52068
136 ,68707 ,0.26720,1.33599
137 ,69213 ,0.27647,1.38233
138 ,69717 ,0.32500,1.62498
139 ,70221 ,0.29368,1.46840
140 ,70742 ,0.27334,1.36672
141 ,71246 ,0.27083,1.35415
142 ,71750 ,0.27189,1.35947
143 ,72255 ,0.26689,1.33443
144 ,72759 ,0.26764,1.33818
145 ,73265 ,0.27896,1.39482
146 ,73769 ,0.27372,1.36859
147 ,74273 ,0.27183,1.35916
148 ,74778 ,0.26876,1.34382
149 ,75282 ,0.26319,1.31596
150 ,75787 ,0.27446,1.37230
151 ,76291 ,0.26635,1.33174
152 ,76797 ,0.26460,1.32300
153 ,77301 ,0.26676,1.33380
154 ,77805 ,0.27352,1.36761
155 ,78310 ,0.27158,1.35790
156 ,78814 ,0.26088,1.30438
157 ,79319 ,0.26841,1.34205
158 ,79839 ,0.27171,1.35853
159 ,80343 ,0.26853,1.34267
160 ,80849 ,0.26329,1.31644
161 ,81353 ,0.26313,1.31565
162 ,81858 ,0.27208,1.36041
163 ,82362 ,0.26870,1.34350
164 ,82866 ,0.27164,1.35822
165 ,83371 ,0.28652,1.43261
166 ,83875 ,0.28260,1.41300
167 ,84380 ,0.26607,1.33036
168 ,84884 ,0.27947,1.39735
169 ,85388 ,0.29055,1.45275
170 ,85894 ,0.26185,1.30926
171 ,86398 ,0.27028,1.35142
172 ,86903 ,0.26413,1.32065
173 ,87407 ,0.29762,1.48812
174 ,87911 ,0.27696,1.38482
175 ,88430 ,0.26263,1.31314
176 ,88935 ,0.27515,1.37575
177 ,89439 ,0.27290,1.36448
178 ,89944 ,0.28053,1.40263
179 ,90449 ,0.28109,1.40544
180 ,90954 ,0.28147,1.40736
181 ,91458 ,0.28473,1.42364
182 ,91962 ,0.28348,1.41738
183 ,92467 ,0.26964,1.34820
184 ,92971 ,0.26966,1.34829
185 ,93476 ,0.26933,1.34664
186 ,93980 ,0.26707,1.33537
187 ,94484 ,0.28485,1.42427
188 ,94989 ,0.28003,1.40016
189 ,95494 ,0.26835,1.34173
190 ,95999 ,0.26635,1.33174
191 ,96503 ,0.27020,1.35102
192 ,97008 ,0.26601,1.33005
193 ,97527 ,0.27809,1.39046
194 ,98031 ,0.26939,1.34695
195 ,98535 ,0.26457,1.32285
196 ,99040 ,0.26820,1.34100
197 ,99544 ,0.27928,1.39638
198 ,100050 ,0.28209,1.41044
199 ,100554 ,0.27559,1.37794
200 ,101059 ,0.26595,1.32973
201 ,101563 ,0.26870,1.34351
202 ,102067 ,0.27002,1.35008
203 ,102572 ,0.27016,1.35079
204 ,103078 ,0.30638,1.53192
205 ,103582 ,0.27772,1.38858
206 ,104087 ,0.26732,1.33662
207 ,104591 ,0.26563,1.32817
208 ,105095 ,0.26075,1.30375
209 ,105600 ,0.26704,1.33518
210 ,106120 ,0.27227,1.36135
211 ,106625 ,0.27453,1.37265
212 ,107131 ,0.26616,1.33080
213 ,107635 ,0.26689,1.33443
214 ,108139 ,0.30313,1.51567
215 ,108644 ,0.26626,1.33130
216 ,109148 ,0.26645,1.33224
217 ,109653 ,0.26541,1.32706
218 ,110158 ,0.26357,1.31784
219 ,110662 ,0.28805,1.44023
220 ,111166 ,0.26970,1.34851
221 ,111671 ,0.26977,1.34883
222 ,112175 ,0.26847,1.34236
223 ,112681 ,0.27110,1.35548
224 ,113186 ,0.26613,1.33067
225 ,113690 ,0.26801,1.34006
226 ,114194 ,0.26933,1.34664
227 ,114714 ,0.26513,1.32566
228 ,115218 ,0.27171,1.35853
229 ,115723 ,0.26926,1.34632
230 ,116227 ,0.26604,1.33018
231 ,116733 ,0.26310,1.31550
232 ,117237 ,0.26557,1.32786
233 ,117742 ,0.26538,1.32691
234 ,118246 ,0.27121,1.35603
235 ,118751 ,0.26895,1.34476
236 ,119255 ,0.27003,1.35017
237 ,119760 ,0.26457,1.32285
238 ,120264 ,0.26545,1.32723
239 ,120769 ,0.26670,1.33349
240 ,121273 ,0.26369,1.31846
241 ,121778 ,0.26213,1.31064
242 ,122282 ,0.27153,1.35766
243 ,122787 ,0.25361,1.26807
244 ,123306 ,0.38740,1.93700
245 ,123811 ,0.41789,2.08945
246 ,124315 ,0.39066,1.95328
247 ,124819 ,0.43536,2.17678
248 ,125324 ,0.26376,1.31878
249 ,125828 ,0.22469,1.12345
250 ,126334 ,0.22200,1.11002
251 ,126839 ,0.21805,1.09027
252 ,127343 ,0.22532,1.12658
253 ,127848 ,0.21849,1.09246
254 ,128352 ,0.22024,1.10122
255 ,128856 ,0.26131,1.30657
256 ,129361 ,0.25992,1.29958
257 ,129866 ,0.23358,1.16790
258 ,130370 ,0.21793,1.08964
259 ,130875 ,0.22281,1.11406
260 ,131380 ,0.22143,1.10717
261 ,131900 ,0.22169,1.10846
262 ,132405 ,0.21774,1.08870
263 ,132909 ,0.22600,1.13000
264 ,133415 ,0.22144,1.10721
265 ,133919 ,0.22669,1.13347
266 ,134424 ,0.23095,1.15475
267 ,134929 ,0.25011,1.25054
268 ,135433 ,0.24504,1.22518
269 ,135938 ,0.25142,1.25711
270 ,136443 ,0.23699,1.18497
271 ,136948 ,0.23433,1.17165
272 ,137452 ,0.22838,1.14192
273 ,137957 ,0.23921,1.19607
274 ,138461 ,0.23715,1.18574
275 ,138966 ,0.22288,1.11439
276 ,139471 ,0.23633,1.18167
277 ,139975 ,0.25706,1.28528
278 ,140495 ,0.22463,1.12314
279 ,140999 ,0.21987,1.09935
280 ,141504 ,0.23946,1.19732
281 ,142008 ,0.21618,1.08088
282 ,142513 ,0.22150,1.10748
283 ,143017 ,0.22275,1.11377
284 ,143522 ,0.22713,1.13566
285 ,144027 ,0.25900,1.29499
286 ,144531 ,0.42747,2.13734
287 ,145035 ,0.54679,2.73397
288 ,145540 ,0.46434,2.32169
289 ,146045 ,0.35629,1.78143
290 ,146549 ,0.36035,1.80177
291 ,147054 ,0.50992,2.54959
292 ,147559 ,0.49694,2.48470
293 ,148063 ,0.34270,1.71350

sample ID, execution time, extra probe , dut probe
1 ,508 ,0.34376,1.71882
2 ,1012 ,0.32275,1.61374
3 ,1517 ,0.32312,1.61561
4 ,2021 ,0.32066,1.60332
5 ,2525 ,0.33631,1.68157
6 ,3029 ,0.52970,2.64851
7 ,3533 ,0.37708,1.88542
8 ,4038 ,0.41400,2.06998
9 ,4542 ,0.25242,1.26212
10 ,5046 ,0.47830,2.39152
11 ,5550 ,0.49245,2.46226
12 ,6054 ,0.36499,1.82494
13 ,6559 ,0.28902,1.44510
14 ,7063 ,0.27002,1.35008
15 ,7567 ,0.37125,1.85624
16 ,8071 ,0.30639,1.53195
17 ,8575 ,0.25443,1.27214
18 ,9080 ,0.28196,1.40981
19 ,9585 ,0.39351,1.96755
20 ,10093 ,0.33080,1.65402
21 ,10597 ,0.30864,1.54321
22 ,11101 ,0.30601,1.53007
23 ,11605 ,0.29274,1.46371
24 ,12109 ,0.29556,1.47779
25 ,12614 ,0.32019,1.60093
26 ,13118 ,0.28748,1.43741
27 ,13623 ,0.28873,1.44367
28 ,14127 ,0.26426,1.32128
29 ,14631 ,0.31121,1.55605
30 ,15135 ,0.54684,2.73422
31 ,15639 ,0.50366,2.51829
32 ,16143 ,0.46503,2.32515
33 ,16647 ,0.46779,2.33893
34 ,17152 ,0.44750,2.23751
35 ,17656 ,0.30682,1.53410
36 ,18161 ,0.31750,1.58750
37 ,18666 ,0.27158,1.35790
38 ,19172 ,0.51706,2.58528
39 ,19676 ,0.57634,2.88171
40 ,20180 ,0.52012,2.60062
41 ,20685 ,0.31987,1.59937
42 ,21190 ,0.33605,1.68025
43 ,21694 ,0.35253,1.76265
44 ,22198 ,0.35491,1.77454
45 ,22703 ,0.36461,1.82306
46 ,23207 ,0.34132,1.70661
47 ,23711 ,0.34711,1.73553
48 ,24215 ,0.35460,1.77298
49 ,24719 ,0.34733,1.73667
50 ,25223 ,0.34652,1.73260
51 ,25729 ,0.34361,1.71804
52 ,26234 ,0.33805,1.69024
53 ,26738 ,0.38127,1.90635
54 ,27242 ,0.37851,1.89255
55 ,27746 ,0.36230,1.81148
56 ,28251 ,0.39685,1.98427
57 ,28757 ,0.39617,1.98083
58 ,29261 ,0.39320,1.96599
59 ,29767 ,0.37646,1.88230
60 ,30271 ,0.38909,1.94545
61 ,30775 ,0.38721,1.93606
62 ,31279 ,0.38778,1.93888
63 ,31783 ,0.36862,1.84309
64 ,32287 ,0.36790,1.83952
65 ,32792 ,0.34996,1.74981
66 ,33296 ,0.68350,3.41750
67 ,33800 ,0.65441,3.27206
68 ,34305 ,0.59231,2.96154
69 ,34810 ,0.54091,2.70455
70 ,35314 ,0.66907,3.34536
71 ,35818 ,0.62198,3.10991
72 ,36322 ,0.50704,2.53519
73 ,36826 ,0.32899,1.64495
74 ,37330 ,0.29462,1.47310
75 ,37837 ,0.29914,1.49569
76 ,38342 ,0.28696,1.43480
77 ,38847 ,0.29606,1.48030
78 ,39351 ,0.29111,1.45557
79 ,39855 ,0.27909,1.39547
80 ,40359 ,0.28755,1.43773
81 ,40863 ,0.27772,1.38858
82 ,41367 ,0.26989,1.34945
83 ,41871 ,0.31390,1.56951
84 ,42375 ,0.30883,1.54415
85 ,42880 ,0.30176,1.50878
86 ,43384 ,0.29945,1.49725
87 ,43889 ,0.29552,1.47758
88 ,44394 ,0.29612,1.48061
89 ,44898 ,0.31134,1.55668
90 ,45402 ,0.49001,2.45005
91 ,45906 ,0.43986,2.19932
92 ,46411 ,0.34992,1.74958
93 ,46918 ,0.29864,1.49319
94 ,47423 ,0.29187,1.45932
95 ,47927 ,0.29055,1.45275
96 ,48431 ,0.27753,1.38764
97 ,48935 ,0.28398,1.41988
98 ,49440 ,0.28009,1.40044
99 ,49945 ,0.28977,1.44885
100 ,50449 ,0.29130,1.45651
101 ,50954 ,0.27809,1.39046
102 ,51458 ,0.27646,1.38232
103 ,51963 ,0.27934,1.39672
104 ,52467 ,0.27303,1.36516
105 ,52971 ,0.27784,1.38921
106 ,53476 ,0.27158,1.35790
107 ,53980 ,0.28780,1.43898
108 ,54484 ,0.29500,1.47498
109 ,54989 ,0.27753,1.38764
110 ,55494 ,0.27678,1.38389
111 ,56001 ,0.27452,1.37262
112 ,56505 ,0.28247,1.41237
113 ,57010 ,0.28341,1.41707
114 ,57514 ,0.27296,1.36479
115 ,58019 ,0.28534,1.42668
116 ,58524 ,0.28740,1.43698
117 ,59029 ,0.28761,1.43804
118 ,59533 ,0.27991,1.39954
119 ,60037 ,0.27490,1.37449
120 ,60542 ,0.28028,1.40141
121 ,61046 ,0.27772,1.38858
122 ,61552 ,0.27915,1.39576
123 ,62056 ,0.27596,1.37982
124 ,62560 ,0.27790,1.38952
125 ,63065 ,0.28510,1.42552
126 ,63569 ,0.26883,1.34413
127 ,64074 ,0.28890,1.44448
128 ,64579 ,0.28552,1.42761
129 ,65086 ,0.27020,1.35102
130 ,65590 ,0.27747,1.38733
131 ,66095 ,0.27840,1.39202
132 ,66599 ,0.28160,1.40799
133 ,67103 ,0.27253,1.36266
134 ,67608 ,0.27640,1.38201
135 ,68112 ,0.26977,1.34883
136 ,68616 ,0.26926,1.34632
137 ,69121 ,0.27872,1.39359
138 ,69626 ,0.27384,1.36922
139 ,70131 ,0.28958,1.44791
140 ,70635 ,0.29988,1.49939
141 ,71139 ,0.27302,1.36510
142 ,71644 ,0.27477,1.37387
143 ,72148 ,0.27578,1.37888
144 ,72653 ,0.28571,1.42855
145 ,73158 ,0.27609,1.38046
146 ,73665 ,0.26407,1.32034
147 ,74169 ,0.27740,1.38702
148 ,74673 ,0.27252,1.36260
149 ,75178 ,0.27765,1.38827
150 ,75682 ,0.28465,1.42324
151 ,76188 ,0.28196,1.40981
152 ,76692 ,0.28247,1.41237
153 ,77197 ,0.27546,1.37731
154 ,77701 ,0.29061,1.45306
155 ,78205 ,0.27465,1.37324
156 ,78709 ,0.27440,1.37199
157 ,79214 ,0.26928,1.34642
158 ,79719 ,0.26939,1.34695
159 ,80223 ,0.26964,1.34820
160 ,80727 ,0.26219,1.31095
161 ,81232 ,0.27358,1.36792
162 ,81736 ,0.27141,1.35704
163 ,82241 ,0.26300,1.31502
164 ,82747 ,0.26883,1.34413
165 ,83252 ,0.26883,1.34413
166 ,83756 ,0.26770,1.33850
167 ,84262 ,0.26903,1.34517
168 ,84766 ,0.27372,1.36859
169 ,85271 ,0.26851,1.34257
170 ,85775 ,0.27333,1.36667
171 ,86279 ,0.26526,1.32629
172 ,86784 ,0.27377,1.36886
173 ,87288 ,0.27010,1.35048
174 ,87794 ,0.27441,1.37203
175 ,88298 ,0.26770,1.33850
176 ,88802 ,0.27840,1.39202
177 ,89307 ,0.27121,1.35603
178 ,89811 ,0.27596,1.37982
179 ,90316 ,0.27085,1.35423
180 ,90821 ,0.27765,1.38826
181 ,91325 ,0.27233,1.36166
182 ,91832 ,0.27803,1.39015
183 ,92337 ,0.26469,1.32347
184 ,92841 ,0.27909,1.39547
185 ,93346 ,0.28446,1.42230
186 ,93851 ,0.27172,1.35860
187 ,94355 ,0.25987,1.29937
188 ,94860 ,0.26457,1.32285
189 ,95364 ,0.27390,1.36949
190 ,95869 ,0.25687,1.28434
191 ,96373 ,0.26591,1.32956
192 ,96879 ,0.25823,1.29114
193 ,97383 ,0.26732,1.33662
194 ,97887 ,0.26570,1.32848
195 ,98393 ,0.34048,1.70242
196 ,98897 ,0.35453,1.77266
197 ,99401 ,0.29976,1.49881
198 ,99907 ,0.26978,1.34892
199 ,100414 ,0.26557,1.32785
200 ,100918 ,0.26682,1.33411
201 ,101423 ,0.26739,1.33693
202 ,101927 ,0.26376,1.31878
203 ,102432 ,0.26535,1.32674
204 ,102938 ,0.26535,1.32674
205 ,103442 ,0.26858,1.34288
206 ,103947 ,0.26488,1.32441
207 ,104451 ,0.26037,1.30187
208 ,104955 ,0.26983,1.34914
209 ,105460 ,0.26747,1.33736
210 ,105965 ,0.27177,1.35884
211 ,106469 ,0.27283,1.36416
212 ,106974 ,0.26613,1.33067
213 ,107478 ,0.26833,1.34163
214 ,107984 ,0.26760,1.33799
215 ,108488 ,0.27053,1.35266
216 ,108995 ,0.26601,1.33005
217 ,109500 ,0.26983,1.34914
218 ,110004 ,0.26344,1.31721
219 ,110509 ,0.27258,1.36291
220 ,111013 ,0.26839,1.34194
221 ,111518 ,0.27291,1.36453
222 ,112022 ,0.26851,1.34257
223 ,112527 ,0.26726,1.33631
224 ,113031 ,0.27640,1.38201
225 ,113536 ,0.26876,1.34382
226 ,114040 ,0.26941,1.34704
227 ,114546 ,0.26397,1.31987
228 ,115050 ,0.26469,1.32347
229 ,115555 ,0.26945,1.34726
230 ,116059 ,0.26638,1.33192
231 ,116564 ,0.27002,1.35008
232 ,117068 ,0.27078,1.35391
233 ,117575 ,0.27114,1.35571
234 ,118080 ,0.26476,1.32379
235 ,118584 ,0.27102,1.35509
236 ,119089 ,0.26645,1.33224
237 ,119593 ,0.26119,1.30594
238 ,120098 ,0.26729,1.33643
239 ,120604 ,0.26491,1.32456
240 ,121108 ,0.26494,1.32472
241 ,121612 ,0.26632,1.33161
242 ,122117 ,0.26632,1.33161
243 ,122621 ,0.26807,1.34037
244 ,123125 ,0.26501,1.32504
245 ,123630 ,0.27022,1.35110
246 ,124135 ,0.27327,1.36636
247 ,124639 ,0.26407,1.32034
248 ,125144 ,0.26188,1.30939
249 ,125648 ,0.26307,1.31533
250 ,126153 ,0.33511,1.67557
251 ,126661 ,0.38233,1.91166
252 ,127165 ,0.31177,1.55887
253 ,127670 ,0.31246,1.56231
254 ,128174 ,0.32974,1.64870
255 ,128679 ,0.24397,1.21986
256 ,129183 ,0.23131,1.15655
257 ,129689 ,0.22556,1.12782
258 ,130194 ,0.22481,1.12407
259 ,130698 ,0.26019,1.30093
260 ,131203 ,0.26501,1.32504
261 ,131707 ,0.24122,1.20609
262 ,132212 ,0.23756,1.18778
263 ,132716 ,0.23264,1.16320
264 ,133221 ,0.22594,1.12971
265 ,133725 ,0.22463,1.12314
266 ,134230 ,0.22425,1.12126
267 ,134736 ,0.22550,1.12751
268 ,135242 ,0.22388,1.11938
269 ,135747 ,0.22456,1.12282
270 ,136252 ,0.22381,1.11907
271 ,136757 ,0.23427,1.17134
272 ,137261 ,0.21855,1.09277
273 ,137766 ,0.25261,1.26306
274 ,138270 ,0.23162,1.15811
275 ,138775 ,0.22331,1.11656
276 ,139279 ,0.22356,1.11781
277 ,139784 ,0.22488,1.12439
278 ,140288 ,0.22018,1.10091
279 ,140794 ,0.21969,1.09846
280 ,141299 ,0.21769,1.08847
281 ,141803 ,0.22319,1.11594
282 ,142308 ,0.22156,1.10780
283 ,142812 ,0.21762,1.08808
284 ,143317 ,0.21668,1.08338
285 ,143824 ,0.22150,1.10748
286 ,144329 ,0.22200,1.11002
287 ,144833 ,0.28767,1.43835
288 ,145337 ,0.29575,1.47873
289 ,145842 ,0.46960,2.34801
290 ,146346 ,0.54047,2.70235
291 ,146850 ,0.44872,2.24362
292 ,147356 ,0.35635,1.78174
293 ,147860 ,0.36092,1.80459

sample ID, execution time, extra probe , dut probe
1 ,505 ,0.28961,1.44806
2 ,1009 ,0.24466,1.22330
3 ,1513 ,0.25186,1.25930
4 ,2018 ,0.23031,1.15155
5 ,2523 ,0.25429,1.27147
6 ,3027 ,0.29813,1.49063
7 ,3531 ,0.28723,1.43616
8 ,4038 ,0.23828,1.19138
9 ,4542 ,0.25261,1.26306
10 ,5046 ,0.27790,1.38951
11 ,5551 ,0.50937,2.54685
12 ,6056 ,0.23709,1.18543
13 ,6560 ,0.26025,1.30125
14 ,7064 ,0.20315,1.01577
15 ,7568 ,0.24604,1.23019
16 ,8073 ,0.32887,1.64434
17 ,8577 ,0.22494,1.12470
18 ,9081 ,0.20284,1.01420
19 ,9586 ,0.36029,1.80146
20 ,10090 ,0.36749,1.83746
21 ,10594 ,0.31625,1.58126
22 ,11099 ,0.25586,1.27928
23 ,11604 ,0.25806,1.29029
24 ,12108 ,0.24873,1.24365
25 ,12612 ,0.30338,1.51692
26 ,13117 ,0.27233,1.36166
27 ,13624 ,0.22019,1.10096
28 ,14129 ,0.18771,0.93857
29 ,14633 ,0.20754,1.03768
30 ,15137 ,0.35084,1.75419
31 ,15642 ,0.31421,1.57107
32 ,16146 ,0.32210,1.61052
33 ,16650 ,0.30957,1.54784
34 ,17154 ,0.30783,1.53915
35 ,17659 ,0.29443,1.47216
36 ,18163 ,0.25562,1.27808
37 ,18667 ,0.21555,1.07775
38 ,19172 ,0.22225,1.11127
39 ,19677 ,0.46671,2.33355
40 ,20181 ,0.36543,1.82713
41 ,20686 ,0.33713,1.68564
42 ,21190 ,0.33030,1.65152
43 ,21694 ,0.32937,1.64683
44 ,22198 ,0.33205,1.66027
45 ,22706 ,0.30670,1.53348
46 ,23210 ,0.30752,1.53758
47 ,23714 ,0.30896,1.54478
48 ,24218 ,0.32210,1.61052
49 ,24723 ,0.32711,1.63556
50 ,25227 ,0.31944,1.59718
51 ,25732 ,0.30769,1.53847
52 ,26236 ,0.29944,1.49720
53 ,26740 ,0.32742,1.63712
54 ,27245 ,0.33081,1.65403
55 ,27750 ,0.33112,1.65558
56 ,28254 ,0.33886,1.69431
57 ,28759 ,0.35566,1.77830
58 ,29264 ,0.33930,1.69649
59 ,29768 ,0.35466,1.77329
60 ,30272 ,0.36493,1.82463
61 ,30777 ,0.35504,1.77519
62 ,31282 ,0.33849,1.69243
63 ,31788 ,0.34001,1.70004
64 ,32292 ,0.34207,1.71037
65 ,32797 ,0.32166,1.60832
66 ,33302 ,0.59550,2.97749
67 ,33806 ,0.50125,2.50625
68 ,34311 ,0.40625,2.03126
69 ,34815 ,0.32442,1.62210
70 ,35320 ,0.53296,2.66479
71 ,35825 ,0.58076,2.90379
72 ,36329 ,0.33894,1.69472
73 ,36833 ,0.31837,1.59187
74 ,37339 ,0.27609,1.38046
75 ,37843 ,0.27409,1.37043
76 ,38347 ,0.26764,1.33818
77 ,38851 ,0.26194,1.30970
78 ,39356 ,0.25361,1.26807
79 ,39860 ,0.26004,1.30020
80 ,40364 ,0.24316,1.21579
81 ,40869 ,0.30795,1.53977
82 ,41375 ,0.33306,1.66530
83 ,41879 ,0.31083,1.55417
84 ,42385 ,0.31107,1.55534
85 ,42889 ,0.30788,1.53941
86 ,43393 ,0.32041,1.60206
87 ,43897 ,0.30964,1.54822
88 ,44402 ,0.30288,1.51442
89 ,44906 ,0.30357,1.51786
90 ,45410 ,0.31238,1.56190
91 ,45916 ,0.30495,1.52473
92 ,46420 ,0.30783,1.53915
93 ,46924 ,0.34934,1.74668
94 ,47428 ,0.32486,1.62429
95 ,47932 ,0.30689,1.53445
96 ,48437 ,0.29414,1.47071
97 ,48941 ,0.29318,1.46590
98 ,49445 ,0.29850,1.49251
99 ,49950 ,0.30326,1.51630
100 ,50456 ,0.30144,1.50722
101 ,50960 ,0.29537,1.47685
102 ,51464 ,0.29105,1.45526
103 ,51968 ,0.28867,1.44336
104 ,52472 ,0.29456,1.47278
105 ,52977 ,0.29481,1.47404
106 ,53481 ,0.29180,1.45901
107 ,53986 ,0.31350,1.56752
108 ,54491 ,0.30976,1.54878
109 ,54995 ,0.29631,1.48155
110 ,55500 ,0.29712,1.48562
111 ,56004 ,0.29055,1.45275
112 ,56508 ,0.28517,1.42583
113 ,57013 ,0.29121,1.45603
114 ,57517 ,0.29694,1.48468
115 ,58021 ,0.29681,1.48405
116 ,58525 ,0.29186,1.45932
117 ,59032 ,0.30338,1.51692
118 ,59536 ,0.29969,1.49845
119 ,60041 ,0.29458,1.47289
120 ,60545 ,0.30063,1.50315
121 ,61049 ,0.29049,1.45244
122 ,61554 ,0.29011,1.45056
123 ,62058 ,0.28492,1.42458
124 ,62563 ,0.29495,1.47477
125 ,63068 ,0.28627,1.43136
126 ,63572 ,0.28842,1.44211
127 ,64077 ,0.29424,1.47122
128 ,64581 ,0.30883,1.54415
129 ,65085 ,0.31202,1.56012
130 ,65590 ,0.29633,1.48164
131 ,66095 ,0.29277,1.46384
132 ,66600 ,0.28398,1.41988
133 ,67104 ,0.29362,1.46809
134 ,67608 ,0.28429,1.42145
135 ,68115 ,0.28285,1.41425
136 ,68619 ,0.28665,1.43323
137 ,69124 ,0.28141,1.40705
138 ,69628 ,0.28128,1.40642
139 ,70132 ,0.30689,1.53445
140 ,70637 ,0.28654,1.43272
141 ,71142 ,0.29783,1.48913
142 ,71647 ,0.29083,1.45416
143 ,72151 ,0.29193,1.45964
144 ,72655 ,0.28160,1.40799
145 ,73160 ,0.28892,1.44461
146 ,73664 ,0.28091,1.40454
147 ,74169 ,0.28815,1.44073
148 ,74674 ,0.28484,1.42418
149 ,75178 ,0.28617,1.43084
150 ,75683 ,0.27991,1.39954
151 ,76187 ,0.28279,1.41394
152 ,76691 ,0.28316,1.41581
153 ,77198 ,0.28352,1.41762
154 ,77704 ,0.29258,1.46290
155 ,78208 ,0.30702,1.53508
156 ,78712 ,0.29481,1.47404
157 ,79217 ,0.28654,1.43272
158 ,79721 ,0.28247,1.41237
159 ,80226 ,0.28196,1.40981
160 ,80731 ,0.28196,1.40981
161 ,81236 ,0.27803,1.39015
162 ,81740 ,0.27778,1.38889
163 ,82244 ,0.28366,1.41832
164 ,82749 ,0.27809,1.39046
165 ,83253 ,0.28384,1.41918
166 ,83757 ,0.28435,1.42176
167 ,84262 ,0.27916,1.39578
168 ,84766 ,0.28066,1.40329
169 ,85270 ,0.28260,1.41300
170 ,85778 ,0.27921,1.39607
171 ,86283 ,0.28459,1.42293
172 ,86788 ,0.28271,1.41356
173 ,87293 ,0.27690,1.38451
174 ,87797 ,0.27959,1.39797
175 ,88301 ,0.28548,1.42740
176 ,88806 ,0.27997,1.39985
177 ,89310 ,0.31207,1.56033
178 ,89814 ,0.53177,2.65884
179 ,90320 ,0.55902,2.79511
180 ,90824 ,0.40074,2.00368
181 ,91328 ,0.29957,1.49783
182 ,91833 ,0.29189,1.45947
183 ,92338 ,0.28927,1.44635
184 ,92843 ,0.28310,1.41550
185 ,93347 ,0.29362,1.46809
186 ,93851 ,0.28335,1.41675
187 ,94356 ,0.30263,1.51317
188 ,94864 ,0.28040,1.40201
189 ,95368 ,0.27996,1.39982
190 ,95872 ,0.28128,1.40642
191 ,96377 ,0.28811,1.44054
192 ,96881 ,0.28179,1.40893
193 ,97385 ,0.28429,1.42145
194 ,97889 ,0.27615,1.38076
195 ,98394 ,0.28502,1.42511
196 ,98899 ,0.28585,1.42927
197 ,99403 ,0.28229,1.41143
198 ,99907 ,0.29049,1.45244
199 ,100412 ,0.27747,1.38733
200 ,100916 ,0.28140,1.40700
201 ,101421 ,0.28467,1.42333
202 ,101925 ,0.28598,1.42990
203 ,102430 ,0.28041,1.40204
204 ,102934 ,0.27696,1.38482
205 ,103440 ,0.28321,1.41606
206 ,103946 ,0.28761,1.43804
207 ,104450 ,0.28341,1.41707
208 ,104955 ,0.27959,1.39797
209 ,105459 ,0.27534,1.37669
210 ,105963 ,0.28216,1.41081
211 ,106468 ,0.27928,1.39638
212 ,106974 ,0.28034,1.40169
213 ,107478 ,0.27678,1.38389
214 ,107982 ,0.28611,1.43053
215 ,108487 ,0.28316,1.41581
216 ,108991 ,0.28873,1.44367
217 ,109495 ,0.28266,1.41331
218 ,110000 ,0.27284,1.36422
219 ,110505 ,0.28272,1.41362
220 ,111009 ,0.27903,1.39515
221 ,111514 ,0.27703,1.38514
222 ,112018 ,0.28072,1.40361
223 ,112525 ,0.27509,1.37546
224 ,113031 ,0.27066,1.35329
225 ,113535 ,0.40405,2.02027
226 ,114039 ,0.42102,2.10510
227 ,114544 ,0.33350,1.66749
228 ,115048 ,0.31115,1.55574
229 ,115552 ,0.26257,1.31283
230 ,116056 ,0.22344,1.11719
231 ,116561 ,0.22425,1.12126
232 ,117065 ,0.23590,1.17948
233 ,117570 ,0.22438,1.12188
234 ,118076 ,0.25105,1.25523
235 ,118580 ,0.27134,1.35672
236 ,119085 ,0.23402,1.17009
237 ,119589 ,0.22920,1.14599
238 ,120094 ,0.22137,1.10686
239 ,120598 ,0.27941,1.39703
240 ,121105 ,0.23934,1.19670
241 ,121610 ,0.22600,1.13001
242 ,122114 ,0.22888,1.14442
243 ,122619 ,0.22037,1.10185
244 ,123123 ,0.31127,1.55636
245 ,123627 ,0.31046,1.55229
246 ,124132 ,0.29914,1.49569
247 ,124638 ,0.22075,1.10377
248 ,125142 ,0.25637,1.28184
249 ,125647 ,0.22112,1.10561
250 ,126151 ,0.23345,1.16727
251 ,126656 ,0.24109,1.20546
252 ,127160 ,0.22475,1.12376
253 ,127666 ,0.21688,1.08441
254 ,128171 ,0.22281,1.11406
255 ,128675 ,0.22826,1.14129
256 ,129180 ,0.23095,1.15475
257 ,129687 ,0.23145,1.15726
258 ,130192 ,0.22506,1.12532
259 ,130696 ,0.22006,1.10028
260 ,131200 ,0.23101,1.15506
261 ,131705 ,0.22907,1.14536
262 ,132209 ,0.23032,1.15162
263 ,132714 ,0.22006,1.10028
264 ,133219 ,0.22500,1.12501
265 ,133724 ,0.31138,1.55690
266 ,134228 ,0.36912,1.84560
267 ,134733 ,0.36555,1.82775
268 ,135237 ,0.37713,1.88566
269 ,135741 ,0.35416,1.77079
270 ,136246 ,0.39726,1.98629

sample ID, execution time, extra probe , dut probe
1 ,505 ,0.45645,2.28227
2 ,1018 ,0.44575,2.22874
3 ,1522 ,0.31440,1.57201
4 ,2026 ,0.31509,1.57546
5 ,2532 ,0.29033,1.45166
6 ,3036 ,0.29395,1.46977
7 ,3540 ,0.27634,1.38170
8 ,4044 ,0.25449,1.27245
9 ,4548 ,0.24679,1.23395
10 ,5052 ,0.35240,1.76202
11 ,5556 ,0.52961,2.64803
12 ,6060 ,0.42678,2.13390
13 ,6565 ,0.31778,1.58892
14 ,7069 ,0.25756,1.28779
15 ,7573 ,0.35240,1.76202
16 ,8077 ,0.32656,1.63278
17 ,8583 ,0.28159,1.40794
18 ,9087 ,0.25612,1.28059
19 ,9591 ,0.37369,1.86845
20 ,10095 ,0.31303,1.56513
21 ,10602 ,0.30338,1.51692
22 ,11106 ,0.29439,1.47196
23 ,11611 ,0.29608,1.48039
24 ,12116 ,0.27058,1.35290
25 ,12620 ,0.33581,1.67907
26 ,13124 ,0.33519,1.67594
27 ,13628 ,0.31634,1.58172
28 ,14133 ,0.26747,1.33736
29 ,14638 ,0.32037,1.60187
30 ,15142 ,0.35053,1.75263
31 ,15646 ,0.33988,1.69941
32 ,16151 ,0.41538,2.07692
33 ,16655 ,0.46916,2.34581
34 ,17159 ,0.45203,2.26017
35 ,17663 ,0.33581,1.67907
36 ,18167 ,0.29255,1.46277
37 ,18672 ,0.23508,1.17541
38 ,19176 ,0.40812,2.04062
39 ,19680 ,0.59544,2.97718
40 ,20188 ,0.48826,2.44129
41 ,20692 ,0.37876,1.89380
42 ,21196 ,0.35341,1.76703
43 ,21700 ,0.37162,1.85812
44 ,22205 ,0.36787,1.83934
45 ,22709 ,0.35154,1.75770
46 ,23214 ,0.34504,1.72522
47 ,23718 ,0.34796,1.73979
48 ,24222 ,0.35785,1.78925
49 ,24727 ,0.34971,1.74856
50 ,25231 ,0.35121,1.75607
51 ,25735 ,0.34948,1.74739
52 ,26239 ,0.35760,1.78800
53 ,26743 ,0.34802,1.74011
54 ,27247 ,0.36211,1.81054
55 ,27751 ,0.37820,1.89099
56 ,28256 ,0.38795,1.93976
57 ,28761 ,0.40307,2.01533
58 ,29269 ,0.38908,1.94538
59 ,29773 ,0.38540,1.92698
60 ,30277 ,0.37951,1.89756
61 ,30781 ,0.37939,1.89693
62 ,31285 ,0.37665,1.88324
63 ,31791 ,0.38077,1.90385
64 ,32295 ,0.38083,1.90413
65 ,32799 ,0.45320,2.26599
66 ,33303 ,0.72334,3.61670
67 ,33808 ,0.68300,3.41500
68 ,34313 ,0.66111,3.30554
69 ,34817 ,0.54072,2.70360
70 ,35321 ,0.61948,3.09739
71 ,35825 ,0.64490,3.22448
72 ,36329 ,0.46466,2.32328
73 ,36833 ,0.35804,1.79018
74 ,37338 ,0.32581,1.62904
75 ,37844 ,0.32162,1.60811
76 ,38351 ,0.30827,1.54134
77 ,38855 ,0.29443,1.47216
78 ,39359 ,0.29562,1.47811
79 ,39863 ,0.28559,1.42793
80 ,40369 ,0.30245,1.51224
81 ,40873 ,0.50992,2.54960
82 ,41377 ,0.60702,3.03510
83 ,41881 ,0.51249,2.56243
84 ,42385 ,0.33137,1.65684
85 ,42889 ,0.35110,1.75551
86 ,43394 ,0.34495,1.72477
87 ,43898 ,0.33369,1.66843
88 ,44402 ,0.30958,1.54791
89 ,44906 ,0.32548,1.62742
90 ,45410 ,0.35391,1.76957
91 ,45917 ,0.70622,3.53110
92 ,46422 ,0.59987,2.99935
93 ,46926 ,0.50873,2.54365
94 ,47430 ,0.34032,1.70161
95 ,47937 ,0.33988,1.69941
96 ,48442 ,0.32949,1.64746
97 ,48946 ,0.31475,1.57376
98 ,49451 ,0.30858,1.54290
99 ,49955 ,0.31015,1.55073
100 ,50459 ,0.31309,1.56544
101 ,50963 ,0.32868,1.64338
102 ,51468 ,0.33730,1.68650
103 ,51973 ,0.33099,1.65496
104 ,52477 ,0.33268,1.66342
105 ,52982 ,0.33525,1.67625
106 ,53486 ,0.40368,2.01839
107 ,53990 ,0.41526,2.07630
108 ,54495 ,0.40963,2.04813
109 ,55000 ,0.33155,1.65777
110 ,55504 ,0.31828,1.59142
111 ,56008 ,0.32962,1.64808
112 ,56515 ,0.32811,1.64057
113 ,57020 ,0.33250,1.66248
114 ,57524 ,0.34117,1.70586
115 ,58028 ,0.32185,1.60926
116 ,58532 ,0.32768,1.63838
117 ,59038 ,0.31919,1.59594
118 ,59542 ,0.32868,1.64338
119 ,60048 ,0.32674,1.63372
120 ,60552 ,0.32125,1.60624
121 ,61056 ,0.31810,1.59048
122 ,61561 ,0.31997,1.59987
123 ,62065 ,0.33068,1.65340
124 ,62569 ,0.33037,1.65184
125 ,63074 ,0.31438,1.57189
126 ,63579 ,0.33336,1.66682
127 ,64083 ,0.32692,1.63462
128 ,64587 ,0.32310,1.61552
129 ,65092 ,0.32561,1.62804
130 ,65598 ,0.31240,1.56200
131 ,66103 ,0.32468,1.62342
132 ,66608 ,0.32731,1.63653
133 ,67112 ,0.32110,1.60551
134 ,67617 ,0.32561,1.62805
135 ,68121 ,0.39260,1.96298
136 ,68625 ,0.54110,2.70548
137 ,69129 ,0.48264,2.41319
138 ,69634 ,0.32398,1.61991
139 ,70138 ,0.32486,1.62429
140 ,70642 ,0.30138,1.50690
141 ,71146 ,0.33638,1.68189
142 ,71650 ,0.29706,1.48531
143 ,72155 ,0.28178,1.40888
144 ,72660 ,0.28285,1.41425
145 ,73164 ,0.29437,1.47185
146 ,73668 ,0.31334,1.56669
147 ,74172 ,0.30564,1.52819
148 ,74679 ,0.28527,1.42636
149 ,75185 ,0.28434,1.42168
150 ,75689 ,0.28085,1.40423
151 ,76194 ,0.28335,1.41675
152 ,76698 ,0.28585,1.42927
153 ,77202 ,0.29149,1.45745
154 ,77706 ,0.28197,1.40987
155 ,78211 ,0.30145,1.50725
156 ,78716 ,0.29349,1.46746
157 ,79220 ,0.27409,1.37043
158 ,79724 ,0.28579,1.42896
159 ,80229 ,0.28529,1.42646
160 ,80733 ,0.28721,1.43604
161 ,81238 ,0.27277,1.36385
162 ,81742 ,0.30752,1.53758
163 ,82246 ,0.34120,1.70599
164 ,82750 ,0.28905,1.44524
165 ,83258 ,0.27890,1.39451
166 ,83763 ,0.27728,1.38639
167 ,84267 ,0.27728,1.38639
168 ,84771 ,0.27991,1.39954
169 ,85276 ,0.27847,1.39234
170 ,85780 ,0.28404,1.42020
171 ,86284 ,0.28640,1.43198
172 ,86790 ,0.28040,1.40201
173 ,87294 ,0.27709,1.38545
174 ,87798 ,0.28035,1.40173
175 ,88303 ,0.28072,1.40361
176 ,88807 ,0.28880,1.44399
177 ,89312 ,0.29795,1.48976
178 ,89817 ,0.29314,1.46571
179 ,90321 ,0.28999,1.44993
180 ,90826 ,0.28686,1.43428
181 ,91330 ,0.28830,1.44148
182 ,91834 ,0.28949,1.44743
183 ,92341 ,0.27978,1.39888
184 ,92846 ,0.28542,1.42708
185 ,93350 ,0.28160,1.40799
186 ,93854 ,0.27690,1.38451
187 ,94359 ,0.27421,1.37105
188 ,94863 ,0.27884,1.39422
189 ,95368 ,0.27597,1.37983
190 ,95872 ,0.27446,1.37230
191 ,96376 ,0.28260,1.41300
192 ,96881 ,0.28147,1.40736
193 ,97385 ,0.27834,1.39171
194 ,97889 ,0.28571,1.42855
195 ,98395 ,0.27853,1.39264
196 ,98899 ,0.28479,1.42395
197 ,99404 ,0.27909,1.39547
198 ,99908 ,0.28122,1.40611
199 ,100412 ,0.27446,1.37230
200 ,100917 ,0.28346,1.41731
201 ,101425 ,0.28184,1.40919
202 ,101930 ,0.27596,1.37982
203 ,102434 ,0.28611,1.43053
204 ,102939 ,0.27966,1.39828
205 ,103443 ,0.28460,1.42301
206 ,103948 ,0.27984,1.39919
207 ,104453 ,0.28090,1.40450
208 ,104958 ,0.28122,1.40611
209 ,105462 ,0.27715,1.38576
210 ,105966 ,0.28235,1.41175
211 ,106471 ,0.27409,1.37043
212 ,106975 ,0.29121,1.45603
213 ,107481 ,0.28059,1.40294
214 ,107985 ,0.27834,1.39171
215 ,108490 ,0.28197,1.40987
216 ,108994 ,0.27815,1.39077
217 ,109499 ,0.28529,1.42646
218 ,110006 ,0.28115,1.40575
219 ,110512 ,0.29364,1.46821
220 ,111016 ,0.28955,1.44774
221 ,111520 ,0.27859,1.39296
222 ,112025 ,0.27402,1.37011
223 ,112529 ,0.28172,1.40861
224 ,113034 ,0.27528,1.37640
225 ,113539 ,0.33112,1.65558
226 ,114044 ,0.42816,2.14078
227 ,114548 ,0.31960,1.59800
228 ,115052 ,0.33318,1.66592
229 ,115557 ,0.26745,1.33724
230 ,116062 ,0.25517,1.27584
231 ,116566 ,0.22525,1.12627
232 ,117071 ,0.22150,1.10748
233 ,117575 ,0.21880,1.09402
234 ,118080 ,0.26244,1.31220
235 ,118587 ,0.26501,1.32504
236 ,119091 ,0.23425,1.17123
237 ,119596 ,0.22444,1.12220
238 ,120101 ,0.22751,1.13753
239 ,120605 ,0.23289,1.16446
240 ,121110 ,0.24159,1.20797
241 ,121615 ,0.24080,1.20402
242 ,122120 ,0.22357,1.11783
243 ,122625 ,0.22757,1.13785
244 ,123129 ,0.22338,1.11688
245 ,123634 ,0.22431,1.12157
246 ,124138 ,0.22312,1.11562
247 ,124642 ,0.21843,1.09215
248 ,125147 ,0.25729,1.28646
249 ,125652 ,0.23527,1.17635
250 ,126156 ,0.22538,1.12689
251 ,126661 ,0.22525,1.12627
252 ,127168 ,0.22557,1.12783
253 ,127674 ,0.22931,1.14656
254 ,128178 ,0.24667,1.23337
255 ,128683 ,0.22945,1.14724
256 ,129187 ,0.22219,1.11093
257 ,129692 ,0.22331,1.11656
258 ,130197 ,0.22281,1.11406
259 ,130701 ,0.22600,1.13001
260 ,131206 ,0.22081,1.10404
261 ,131710 ,0.24253,1.21266
262 ,132215 ,0.21862,1.09309
263 ,132719 ,0.21993,1.09966
264 ,133224 ,0.22450,1.12251
265 ,133729 ,0.23118,1.15592
266 ,134234 ,0.33774,1.68868
267 ,134739 ,0.37432,1.87158
268 ,135243 ,0.35460,1.77298
269 ,135751 ,0.34554,1.72772
270 ,136255 ,0.35428,1.77141

sample ID, execution time, extra probe , dut probe
1 ,508 ,0.54203,2.71017
2 ,1012 ,0.46591,2.32954
3 ,1517 ,0.56683,2.83415
4 ,2021 ,0.49339,2.46696
5 ,2525 ,0.33400,1.66999
6 ,3029 ,0.31556,1.57782
7 ,3534 ,0.32456,1.62279
8 ,4038 ,0.36637,1.83183
9 ,4542 ,0.34827,1.74136
10 ,5046 ,0.53840,2.69202
11 ,5550 ,0.53390,2.66948
12 ,6054 ,0.38202,1.91010
13 ,6559 ,0.27703,1.38514
14 ,7063 ,0.25205,1.26024
15 ,7567 ,0.37212,1.86062
16 ,8073 ,0.49715,2.48574
17 ,8577 ,0.36372,1.81859
18 ,9083 ,0.25248,1.26241
19 ,9587 ,0.40975,2.04875
20 ,10091 ,0.31666,1.58328
21 ,10595 ,0.32192,1.60958
22 ,11099 ,0.30457,1.52287
23 ,11604 ,0.29177,1.45884
24 ,12109 ,0.30757,1.53785
25 ,12613 ,0.34057,1.70286
26 ,13117 ,0.28398,1.41988
27 ,13622 ,0.25111,1.25555
28 ,14126 ,0.26595,1.32973
29 ,14630 ,0.36584,1.82921
30 ,15134 ,0.47855,2.39277
31 ,15639 ,0.45501,2.27507
32 ,16143 ,0.37832,1.89161
33 ,16647 ,0.34871,1.74355
34 ,17155 ,0.32518,1.62591
35 ,17659 ,0.34398,1.71991
36 ,18163 ,0.36092,1.80459
37 ,18667 ,0.32304,1.61521
38 ,19172 ,0.52595,2.62973
39 ,19677 ,0.56727,2.83634
40 ,20181 ,0.47477,2.37384
41 ,20686 ,0.37559,1.87793
42 ,21191 ,0.36493,1.82463
43 ,21695 ,0.37144,1.85718
44 ,22199 ,0.34977,1.74887
45 ,22703 ,0.34408,1.72039
46 ,23207 ,0.34785,1.73927
47 ,23711 ,0.35328,1.76640
48 ,24216 ,0.35635,1.78174
49 ,24720 ,0.38621,1.93105
50 ,25224 ,0.37932,1.89662
51 ,25728 ,0.32356,1.61779
52 ,26234 ,0.33155,1.65777
53 ,26740 ,0.36749,1.83746
54 ,27244 ,0.37062,1.85311
55 ,27748 ,0.37657,1.88285
56 ,28253 ,0.42127,2.10635
57 ,28757 ,0.39869,1.99347
58 ,29262 ,0.38296,1.91478
59 ,29766 ,0.38652,1.93262
60 ,30271 ,0.39178,1.95891
61 ,30775 ,0.38051,1.90257
62 ,31279 ,0.38577,1.92886
63 ,31783 ,0.38783,1.93914
64 ,32287 ,0.36599,1.82995
65 ,32791 ,0.49333,2.46664
66 ,33295 ,0.69254,3.46269
67 ,33799 ,0.61923,3.09614
68 ,34304 ,0.42661,2.13306
69 ,34809 ,0.50818,2.54091
70 ,35314 ,0.65895,3.29477
71 ,35820 ,0.61697,3.08487
72 ,36324 ,0.39435,1.97175
73 ,36829 ,0.34558,1.72790
74 ,37333 ,0.32225,1.61124
75 ,37838 ,0.31269,1.56346
76 ,38342 ,0.31816,1.59079
77 ,38847 ,0.31365,1.56826
78 ,39351 ,0.29143,1.45713
79 ,39855 ,0.28729,1.43647
80 ,40360 ,0.29239,1.46196
81 ,40864 ,0.36824,1.84122
82 ,41368 ,0.65642,3.28208
83 ,41872 ,0.52325,2.61627
84 ,42376 ,0.36799,1.83996
85 ,42880 ,0.35060,1.75301
86 ,43386 ,0.34498,1.72491
87 ,43890 ,0.34051,1.70254
88 ,44395 ,0.52224,2.61118
89 ,44901 ,0.61516,3.07579
90 ,45405 ,0.50898,2.54490
91 ,45910 ,0.33243,1.66214
92 ,46415 ,0.32887,1.64434
93 ,46919 ,0.32605,1.63024
94 ,47423 ,0.33300,1.66498
95 ,47928 ,0.31027,1.55136
96 ,48432 ,0.33206,1.66029
97 ,48936 ,0.32337,1.61686
98 ,49440 ,0.33287,1.66436
99 ,49945 ,0.32436,1.62178
100 ,50449 ,0.32091,1.60457
101 ,50953 ,0.33362,1.66811
102 ,51457 ,0.32218,1.61092
103 ,51963 ,0.33262,1.66308
104 ,52467 ,0.34026,1.70129
105 ,52971 ,0.33819,1.69096
106 ,53476 ,0.33506,1.67531
107 ,53982 ,0.32404,1.62022
108 ,54488 ,0.32949,1.64746
109 ,54992 ,0.32456,1.62279
110 ,55496 ,0.32893,1.64464
111 ,56002 ,0.47533,2.37665
112 ,56507 ,0.62529,3.12645
113 ,57011 ,0.53590,2.67950
114 ,57515 ,0.32225,1.61124
115 ,58021 ,0.32743,1.63716
116 ,58525 ,0.33187,1.65935
117 ,59029 ,0.33005,1.65027
118 ,59533 ,0.33638,1.68189
119 ,60039 ,0.33074,1.65371
120 ,60543 ,0.32400,1.61998
121 ,61049 ,0.33699,1.68494
122 ,61553 ,0.32843,1.64213
123 ,62057 ,0.32580,1.62898
124 ,62561 ,0.31753,1.58766
125 ,63068 ,0.31841,1.59205
126 ,63572 ,0.33680,1.68400
127 ,64078 ,0.32425,1.62123
128 ,64582 ,0.32861,1.64307
129 ,65086 ,0.31127,1.55636
130 ,65591 ,0.32617,1.63086
131 ,66095 ,0.32605,1.63024
132 ,66599 ,0.32375,1.61873
133 ,67104 ,0.31528,1.57640
134 ,67608 ,0.30877,1.54384
135 ,68112 ,0.33106,1.65528
136 ,68616 ,0.29975,1.49877
137 ,69121 ,0.29214,1.46072
138 ,69626 ,0.28365,1.41824
139 ,70131 ,0.28698,1.43491
140 ,70635 ,0.29168,1.45839
141 ,71139 ,0.28905,1.44524
142 ,71644 ,0.28548,1.42740
143 ,72152 ,0.28939,1.44697
144 ,72656 ,0.29133,1.45666
145 ,73161 ,0.31002,1.55010
146 ,73665 ,0.30032,1.50158
147 ,74169 ,0.28523,1.42614
148 ,74673 ,0.28323,1.41613
149 ,75178 ,0.28989,1.44947
150 ,75683 ,0.27534,1.37671
151 ,76188 ,0.28185,1.40924
152 ,76692 ,0.28404,1.42020
153 ,77196 ,0.28798,1.43992
154 ,77701 ,0.27722,1.38608
155 ,78205 ,0.28815,1.44073
156 ,78709 ,0.28598,1.42990
157 ,79214 ,0.28892,1.44461
158 ,79718 ,0.28022,1.40110
159 ,80222 ,0.27753,1.38764
160 ,80729 ,0.27609,1.38044
161 ,81234 ,0.27434,1.37171
162 ,81738 ,0.27897,1.39484
163 ,82242 ,0.28185,1.40924
164 ,82747 ,0.28410,1.42051
165 ,83251 ,0.27847,1.39234
166 ,83755 ,0.28265,1.41325
167 ,84261 ,0.27409,1.37046
168 ,84765 ,0.27947,1.39735
169 ,85270 ,0.28047,1.40235
170 ,85774 ,0.29043,1.45213
171 ,86278 ,0.30946,1.54729
172 ,86783 ,0.28209,1.41044
173 ,87288 ,0.27996,1.39982
174 ,87793 ,0.27728,1.38639
175 ,88297 ,0.28166,1.40830
176 ,88801 ,0.27515,1.37575
177 ,89306 ,0.27333,1.36667
178 ,89813 ,0.28140,1.40700
179 ,90318 ,0.28302,1.41512
180 ,90822 ,0.28585,1.42927
181 ,91327 ,0.28147,1.40736
182 ,91831 ,0.28379,1.41894
183 ,92335 ,0.27740,1.38702
184 ,92840 ,0.27884,1.39420
185 ,93344 ,0.28160,1.40799
186 ,93849 ,0.28016,1.40079
187 ,94353 ,0.30094,1.50471
188 ,94857 ,0.28078,1.40392
189 ,95363 ,0.28090,1.40450
190 ,95867 ,0.28421,1.42106
191 ,96371 ,0.28229,1.41143
192 ,96876 ,0.28485,1.42427
193 ,97380 ,0.27308,1.36542
194 ,97885 ,0.28060,1.40298
195 ,98389 ,0.27684,1.38421
196 ,98897 ,0.26591,1.32956
197 ,99401 ,0.28542,1.42708
198 ,99906 ,0.27665,1.38326
199 ,100410 ,0.28210,1.41049
200 ,100915 ,0.27959,1.39797
201 ,101419 ,0.28484,1.42418
202 ,101925 ,0.29271,1.46353
203 ,102429 ,0.31021,1.55104
204 ,102934 ,0.28654,1.43272
205 ,103438 ,0.27509,1.37543
206 ,103942 ,0.28980,1.44900
207 ,104447 ,0.27665,1.38327
208 ,104953 ,0.28277,1.41387
209 ,105457 ,0.28141,1.40705
210 ,105962 ,0.30633,1.53163
211 ,106466 ,0.28216,1.41081
212 ,106970 ,0.28704,1.43522
213 ,107477 ,0.28234,1.41169
214 ,107983 ,0.27378,1.36890
215 ,108488 ,0.28241,1.41206
216 ,108992 ,0.27916,1.39578
217 ,109496 ,0.31346,1.56732
218 ,110001 ,0.27471,1.37356
219 ,110505 ,0.27909,1.39545
220 ,111011 ,0.27815,1.39076
221 ,111515 ,0.28272,1.41362
222 ,112020 ,0.28266,1.41331
223 ,112524 ,0.28360,1.41801
224 ,113029 ,0.27527,1.37637
225 ,113533 ,0.24599,1.22994
226 ,114039 ,0.39482,1.97411
227 ,114543 ,0.39366,1.96830
228 ,115048 ,0.35071,1.75357
229 ,115552 ,0.35078,1.75388
230 ,116059 ,0.25944,1.29718
231 ,116564 ,0.23618,1.18091
232 ,117069 ,0.22869,1.14343
233 ,117574 ,0.22669,1.13347
234 ,118078 ,0.22237,1.11187
235 ,118583 ,0.22294,1.11468
236 ,119087 ,0.23045,1.15225
237 ,119591 ,0.25574,1.27871
238 ,120095 ,0.27446,1.37230
239 ,120600 ,0.23007,1.15037
240 ,121104 ,0.22262,1.11312
241 ,121609 ,0.22300,1.11500
242 ,122115 ,0.23231,1.16155
243 ,122619 ,0.22388,1.11939
244 ,123124 ,0.22594,1.12971
245 ,123628 ,0.22882,1.14411
246 ,124133 ,0.22901,1.14505
247 ,124640 ,0.24391,1.21955
248 ,125144 ,0.28911,1.44555
249 ,125649 ,0.28558,1.42792
250 ,126153 ,0.23890,1.19451
251 ,126658 ,0.27296,1.36479
252 ,127162 ,0.24028,1.20139
253 ,127667 ,0.22600,1.13002
254 ,128171 ,0.23231,1.16155
255 ,128676 ,0.22331,1.11656
256 ,129180 ,0.22575,1.12877
257 ,129685 ,0.22306,1.11531
258 ,130190 ,0.22118,1.10592
259 ,130694 ,0.22413,1.12063
260 ,131199 ,0.23143,1.15717
261 ,131704 ,0.22513,1.12563
262 ,132209 ,0.22582,1.12908
263 ,132714 ,0.22619,1.13096
264 ,133220 ,0.28047,1.40235
265 ,133725 ,0.35378,1.76891
266 ,134229 ,0.36003,1.80017
267 ,134735 ,0.36028,1.80142
268 ,135239 ,0.36574,1.82869
269 ,135743 ,0.50159,2.50796

sample ID, execution time, extra probe , dut probe
1 ,506 ,0.35528,1.77642
2 ,1010 ,0.40113,2.00565
3 ,1515 ,0.69574,3.47871
4 ,2019 ,0.35948,1.79739
5 ,2523 ,0.33619,1.68095
6 ,3027 ,0.36374,1.81868
7 ,3531 ,0.33995,1.69973
8 ,4035 ,0.32943,1.64715
9 ,4539 ,0.30720,1.53602
10 ,5043 ,0.39097,1.95485
11 ,5547 ,0.65322,3.26611
12 ,6054 ,0.45952,2.29761
13 ,6558 ,0.40375,2.01877
14 ,7063 ,0.27066,1.35329
15 ,7567 ,0.37582,1.87909
16 ,8071 ,0.34301,1.71507
17 ,8576 ,0.28035,1.40173
18 ,9080 ,0.24034,1.20170
19 ,9584 ,0.34904,1.74521
20 ,10088 ,0.35203,1.76014
21 ,10592 ,0.35729,1.78644
22 ,11096 ,0.31722,1.58610
23 ,11601 ,0.31728,1.58641
24 ,12105 ,0.31563,1.57814
25 ,12610 ,0.37390,1.86950
26 ,13115 ,0.29487,1.47435
27 ,13619 ,0.24954,1.24772
28 ,14123 ,0.26113,1.30563
29 ,14628 ,0.32454,1.62272
30 ,15134 ,0.37015,1.85076
31 ,15639 ,0.38089,1.90447
32 ,16144 ,0.36799,1.83996
33 ,16648 ,0.36849,1.84247
34 ,17152 ,0.36636,1.83182
35 ,17656 ,0.31691,1.58453
36 ,18160 ,0.33836,1.69181
37 ,18665 ,0.29500,1.47498
38 ,19169 ,0.38227,1.91133
39 ,19673 ,0.39047,1.95234
40 ,20177 ,0.36186,1.80929
41 ,20681 ,0.37165,1.85825
42 ,21187 ,0.36378,1.81891
43 ,21691 ,0.39322,1.96611
44 ,22195 ,0.37889,1.89443
45 ,22699 ,0.34827,1.74136
46 ,23203 ,0.34996,1.74981
47 ,23708 ,0.36247,1.81235
48 ,24215 ,0.39907,1.99535
49 ,24719 ,0.36599,1.82995
50 ,25224 ,0.36536,1.82682
51 ,25728 ,0.37300,1.86501
52 ,26232 ,0.38527,1.92636
53 ,26736 ,0.38589,1.92946
54 ,27240 ,0.39685,1.98427
55 ,27744 ,0.39266,1.96330
56 ,28249 ,0.38083,1.90413
57 ,28753 ,0.41632,2.08162
58 ,29257 ,0.44117,2.20583
59 ,29762 ,0.43579,2.17897
60 ,30267 ,0.42402,2.12012
61 ,30771 ,0.42296,2.11480
62 ,31275 ,0.40631,2.03154
63 ,31779 ,0.40869,2.04343
64 ,32283 ,0.39182,1.95912
65 ,32788 ,0.36634,1.83171
66 ,33292 ,0.72284,3.61420
67 ,33800 ,0.64015,3.20077
68 ,34304 ,0.50572,2.52862
69 ,34808 ,0.56101,2.80503
70 ,35312 ,0.62804,3.14019
71 ,35816 ,0.68121,3.40604
72 ,36320 ,0.53515,2.67574
73 ,36824 ,0.33788,1.68940
74 ,37328 ,0.31572,1.57859
75 ,37833 ,0.31844,1.59219
76 ,38338 ,0.29914,1.49569
77 ,38842 ,0.30263,1.51316
78 ,39347 ,0.30050,1.50252
79 ,39851 ,0.29406,1.47028
80 ,40355 ,0.28623,1.43115
81 ,40859 ,0.31088,1.55440
82 ,41365 ,0.52049,2.60244
83 ,41870 ,0.60281,3.01403
84 ,42374 ,0.44231,2.21153
85 ,42882 ,0.35323,1.76613
86 ,43386 ,0.35003,1.75013
87 ,43890 ,0.33830,1.69149
88 ,44395 ,0.34973,1.74864
89 ,44900 ,0.33944,1.69722
90 ,45405 ,0.51730,2.58651
91 ,45909 ,0.62242,3.11210
92 ,46413 ,0.45871,2.29354
93 ,46917 ,0.32518,1.62591
94 ,47423 ,0.33524,1.67619
95 ,47927 ,0.33312,1.66561
96 ,48431 ,0.34063,1.70317
97 ,48935 ,0.32755,1.63775
98 ,49441 ,0.32968,1.64840
99 ,49945 ,0.32699,1.63497
100 ,50449 ,0.32855,1.64276
101 ,50953 ,0.42609,2.13045
102 ,51457 ,0.62768,3.13840
103 ,51964 ,0.55775,2.78875
104 ,52468 ,0.34992,1.74958
105 ,52974 ,0.32931,1.64653
106 ,53478 ,0.37957,1.89787
107 ,53982 ,0.38590,1.92949
108 ,54486 ,0.34614,1.73072
109 ,54992 ,0.30032,1.50162
110 ,55496 ,0.29664,1.48320
111 ,56002 ,0.30132,1.50662
112 ,56506 ,0.29437,1.47185
113 ,57010 ,0.32179,1.60895
114 ,57515 ,0.29262,1.46308
115 ,58019 ,0.31190,1.55949
116 ,58523 ,0.30164,1.50818
117 ,59029 ,0.28852,1.44260
118 ,59533 ,0.29606,1.48030
119 ,60037 ,0.28999,1.44993
120 ,60542 ,0.29500,1.47498
121 ,61049 ,0.29149,1.45745
122 ,61553 ,0.28921,1.44604
123 ,62058 ,0.30451,1.52255
124 ,62563 ,0.31259,1.56294
125 ,63067 ,0.30432,1.52162
126 ,63571 ,0.29437,1.47185
127 ,64075 ,0.28823,1.44117
128 ,64580 ,0.28627,1.43136
129 ,65084 ,0.29612,1.48061
130 ,65589 ,0.29049,1.45244
131 ,66093 ,0.29850,1.49251
132 ,66597 ,0.28385,1.41926
133 ,67102 ,0.29958,1.49788
134 ,67607 ,0.29258,1.46290
135 ,68112 ,0.29024,1.45119
136 ,68616 ,0.29174,1.45870
137 ,69120 ,0.28473,1.42364
138 ,69625 ,0.28216,1.41081
139 ,70132 ,0.28534,1.42668
140 ,70637 ,0.28396,1.41981
141 ,71142 ,0.29243,1.46214
142 ,71646 ,0.28498,1.42489
143 ,72150 ,0.28717,1.43585
144 ,72655 ,0.29262,1.46308
145 ,73159 ,0.28140,1.40700
146 ,73665 ,0.28652,1.43261
147 ,74169 ,0.29180,1.45901
148 ,74673 ,0.28617,1.43084
149 ,75178 ,0.27922,1.39609
150 ,75682 ,0.28617,1.43084
151 ,76186 ,0.28209,1.41044
152 ,76691 ,0.28842,1.44211
153 ,77195 ,0.27978,1.39891
154 ,77699 ,0.28410,1.42051
155 ,78204 ,0.28441,1.42207
156 ,78710 ,0.28291,1.41456
157 ,79215 ,0.27847,1.39233
158 ,79719 ,0.28191,1.40955
159 ,80224 ,0.28323,1.41613
160 ,80728 ,0.28110,1.40548
161 ,81232 ,0.28379,1.41894
162 ,81737 ,0.27896,1.39482
163 ,82242 ,0.28446,1.42230
164 ,82747 ,0.27859,1.39296
165 ,83251 ,0.28642,1.43209
166 ,83755 ,0.28373,1.41863
167 ,84259 ,0.30119,1.50597
168 ,84764 ,0.28227,1.41137
169 ,85269 ,0.29389,1.46946
170 ,85774 ,0.28623,1.43115
171 ,86278 ,0.29230,1.46152
172 ,86782 ,0.28667,1.43334
173 ,87287 ,0.28028,1.40142
174 ,87793 ,0.28146,1.40731
175 ,88299 ,0.28134,1.40669
176 ,88803 ,0.28861,1.44305
177 ,89308 ,0.30288,1.51442
178 ,89812 ,0.29374,1.46872
179 ,90316 ,0.28892,1.44461
180 ,90821 ,0.29408,1.47040
181 ,91325 ,0.29143,1.45713
182 ,91829 ,0.29186,1.45932
183 ,92334 ,0.27784,1.38921
184 ,92838 ,0.28291,1.41456
185 ,93344 ,0.28009,1.40044
186 ,93848 ,0.28065,1.40325
187 ,94352 ,0.27559,1.37794
188 ,94857 ,0.27740,1.38702
189 ,95361 ,0.28805,1.44023
190 ,95865 ,0.28141,1.40705
191 ,96372 ,0.29420,1.47102
192 ,96878 ,0.28421,1.42105
193 ,97382 ,0.28116,1.40580
194 ,97886 ,0.28391,1.41957
195 ,98391 ,0.28241,1.41206
196 ,98895 ,0.28391,1.41957
197 ,99400 ,0.28371,1.41856
198 ,99905 ,0.27853,1.39264
199 ,100409 ,0.29155,1.45776
200 ,100914 ,0.27934,1.39672
201 ,101418 ,0.28116,1.40580
202 ,101923 ,0.28316,1.41581
203 ,102427 ,0.28159,1.40794
204 ,102933 ,0.28128,1.40638
205 ,103437 ,0.28154,1.40768
206 ,103942 ,0.28091,1.40455
207 ,104446 ,0.28498,1.42489
208 ,104950 ,0.28266,1.41331
209 ,105458 ,0.28534,1.42668
210 ,105963 ,0.28184,1.40919
211 ,106468 ,0.27934,1.39672
212 ,106972 ,0.27909,1.39547
213 ,107476 ,0.28222,1.41112
214 ,107981 ,0.28410,1.42051
215 ,108485 ,0.28340,1.41699
216 ,108991 ,0.27740,1.38702
217 ,109495 ,0.28135,1.40674
218 ,110000 ,0.28016,1.40079
219 ,110504 ,0.27728,1.38639
220 ,111009 ,0.28567,1.42834
221 ,111513 ,0.27690,1.38452
222 ,112018 ,0.28704,1.43522
223 ,112522 ,0.27233,1.36166
224 ,113027 ,0.40718,2.03592
225 ,113531 ,0.42428,2.12138
226 ,114038 ,0.36004,1.80021
227 ,114542 ,0.29239,1.46196
228 ,115047 ,0.22732,1.13660
229 ,115551 ,0.21999,1.09997
230 ,116056 ,0.22788,1.13941
231 ,116560 ,0.23477,1.17385
232 ,117065 ,0.23287,1.16436
233 ,117571 ,0.23581,1.17903
234 ,118075 ,0.25386,1.26932
235 ,118580 ,0.27922,1.39609
236 ,119084 ,0.26607,1.33036
237 ,119589 ,0.22769,1.13847
238 ,120093 ,0.22975,1.14874
239 ,120599 ,0.22887,1.14437
240 ,121104 ,0.22563,1.12814
241 ,121608 ,0.22363,1.11813
242 ,122113 ,0.23752,1.18762
243 ,122620 ,0.23208,1.16038
244 ,123126 ,0.23118,1.15592
245 ,123630 ,0.23000,1.14999
246 ,124135 ,0.23295,1.16477
247 ,124639 ,0.23752,1.18762
248 ,125144 ,0.26432,1.32159
249 ,125648 ,0.24854,1.24271
250 ,126153 ,0.23518,1.17591
251 ,126658 ,0.23637,1.18184
252 ,127163 ,0.23214,1.16070
253 ,127667 ,0.22331,1.11656
254 ,128172 ,0.23552,1.17760
255 ,128676 ,0.23815,1.19075
256 ,129181 ,0.23768,1.18840
257 ,129687 ,0.30095,1.50475
258 ,130191 ,0.27452,1.37262
259 ,130696 ,0.24666,1.23332
260 ,131203 ,0.25893,1.29467
261 ,131707 ,0.34013,1.70067
262 ,132211 ,0.36128,1.80641
263 ,132717 ,0.36041,1.80204
264 ,133221 ,0.37062,1.85311
265 ,133725 ,0.42021,2.10103

sample ID, execution time, extra probe , dut probe
1 ,508 ,0.32212,1.61061
2 ,1012 ,0.28128,1.40642
3 ,1516 ,0.30326,1.51629
4 ,2020 ,0.45602,2.28008
5 ,2524 ,0.34026,1.70129
6 ,3029 ,0.35335,1.76675
7 ,3533 ,0.33957,1.69785
8 ,4038 ,0.34804,1.74021
9 ,4542 ,0.34671,1.73354
10 ,5046 ,0.32592,1.62961
11 ,5550 ,0.73259,3.66296
12 ,6057 ,0.44085,2.20427
13 ,6561 ,0.40186,2.00931
14 ,7066 ,0.25330,1.26650
15 ,7571 ,0.34448,1.72241
16 ,8075 ,0.38164,1.90820
17 ,8579 ,0.27372,1.36859
18 ,9085 ,0.27422,1.37109
19 ,9589 ,0.37294,1.86469
20 ,10093 ,0.33638,1.68189
21 ,10597 ,0.30977,1.54885
22 ,11101 ,0.31240,1.56200
23 ,11606 ,0.32069,1.60343
24 ,12111 ,0.32724,1.63622
25 ,12615 ,0.34733,1.73666
26 ,13119 ,0.33982,1.69910
27 ,13624 ,0.29180,1.45901
28 ,14128 ,0.25768,1.28841
29 ,14632 ,0.30657,1.53285
30 ,15140 ,0.37821,1.89104
31 ,15644 ,0.36073,1.80365
32 ,16148 ,0.37006,1.85029
33 ,16652 ,0.38296,1.91478
34 ,17158 ,0.38102,1.90510
35 ,17662 ,0.33212,1.66058
36 ,18166 ,0.34063,1.70317
37 ,18670 ,0.26413,1.32066
38 ,19175 ,0.35760,1.78800
39 ,19679 ,0.47686,2.38432
40 ,20183 ,0.49244,2.46222
41 ,20688 ,0.40656,2.03282
42 ,21192 ,0.40393,2.01964
43 ,21696 ,0.57340,2.86700
44 ,22200 ,0.53928,2.69640
45 ,22705 ,0.39341,1.96705
46 ,23209 ,0.36334,1.81672
47 ,23713 ,0.36611,1.83057
48 ,24217 ,0.39053,1.95265
49 ,24723 ,0.38884,1.94420
50 ,25227 ,0.38953,1.94764
51 ,25733 ,0.36272,1.81360
52 ,26237 ,0.37178,1.85888
53 ,26741 ,0.45170,2.25848
54 ,27245 ,0.45176,2.25879
55 ,27750 ,0.40668,2.03341
56 ,28255 ,0.40794,2.03969
57 ,28759 ,0.40744,2.03719
58 ,29264 ,0.41331,2.06655
59 ,29769 ,0.41639,2.08193
60 ,30274 ,0.41987,2.09934
61 ,30778 ,0.40361,2.01807
62 ,31282 ,0.40812,2.04061
63 ,31786 ,0.40169,2.00846
64 ,32290 ,0.40474,2.02371
65 ,32794 ,0.37588,1.87940
66 ,33298 ,0.73004,3.65020
67 ,33804 ,0.70036,3.50182
68 ,34309 ,0.66938,3.34692
69 ,34814 ,0.58163,2.90816
70 ,35319 ,0.56327,2.81635
71 ,35824 ,0.64128,3.20639
72 ,36328 ,0.41382,2.06910
73 ,36832 ,0.33995,1.69973
74 ,37336 ,0.30132,1.50662
75 ,37842 ,0.28602,1.43011
76 ,38346 ,0.29118,1.45588
77 ,38850 ,0.31641,1.58203
78 ,39355 ,0.28272,1.41362
79 ,39859 ,0.27477,1.37387
80 ,40363 ,0.30557,1.52786
81 ,40868 ,0.37134,1.85669
82 ,41372 ,0.64540,3.22698
83 ,41877 ,0.55506,2.77529
84 ,42381 ,0.36436,1.82181
85 ,42887 ,0.34458,1.72289
86 ,43392 ,0.34867,1.74333
87 ,43897 ,0.34311,1.71554
88 ,44401 ,0.32818,1.64088
89 ,44905 ,0.52206,2.61032
90 ,45409 ,0.62981,3.14904
91 ,45915 ,0.53916,2.69581
92 ,46419 ,0.37721,1.88605
93 ,46923 ,0.34370,1.71851
94 ,47427 ,0.34364,1.71820
95 ,47931 ,0.34007,1.70035
96 ,48435 ,0.32480,1.62398
97 ,48940 ,0.32812,1.64059
98 ,49445 ,0.33162,1.65808
99 ,49949 ,0.32454,1.62272
100 ,50453 ,0.32711,1.63556
101 ,50958 ,0.34007,1.70035
102 ,51462 ,0.32874,1.64370
103 ,51969 ,0.33511,1.67557
104 ,52474 ,0.33355,1.66776
105 ,52978 ,0.31929,1.59643
106 ,53483 ,0.33049,1.65246
107 ,53987 ,0.36123,1.80616
108 ,54491 ,0.60427,3.02133
109 ,54995 ,0.55053,2.75264
110 ,55499 ,0.33675,1.68376
111 ,56004 ,0.33888,1.69441
112 ,56508 ,0.33300,1.66498
113 ,57012 ,0.33093,1.65465
114 ,57516 ,0.34454,1.72272
115 ,58022 ,0.32693,1.63466
116 ,58526 ,0.30921,1.54603
117 ,59030 ,0.33256,1.66279
118 ,59535 ,0.29406,1.47028
119 ,60039 ,0.28648,1.43240
120 ,60543 ,0.28896,1.44479
121 ,61052 ,0.29333,1.46665
122 ,61557 ,0.31619,1.58094
123 ,62061 ,0.29687,1.48437
124 ,62566 ,0.28523,1.42614
125 ,63070 ,0.29030,1.45150
126 ,63574 ,0.31076,1.55378
127 ,64080 ,0.29833,1.49163
128 ,64584 ,0.31722,1.58610
129 ,65088 ,0.28924,1.44618
130 ,65593 ,0.29030,1.45150
131 ,66097 ,0.31077,1.55386
132 ,66601 ,0.29695,1.48476
133 ,67106 ,0.29330,1.46652
134 ,67610 ,0.30664,1.53320
135 ,68114 ,0.31190,1.55949
136 ,68619 ,0.29086,1.45432
137 ,69123 ,0.28590,1.42949
138 ,69629 ,0.28633,1.43167
139 ,70136 ,0.28704,1.43522
140 ,70640 ,0.28911,1.44555
141 ,71144 ,0.28798,1.43992
142 ,71649 ,0.28297,1.41487
143 ,72153 ,0.29458,1.47289
144 ,72659 ,0.30357,1.51786
145 ,73163 ,0.28648,1.43240
146 ,73667 ,0.29074,1.45369
147 ,74171 ,0.28798,1.43992
148 ,74676 ,0.28736,1.43679
149 ,75180 ,0.28740,1.43698
150 ,75686 ,0.28509,1.42543
151 ,76190 ,0.27872,1.39359
152 ,76695 ,0.28191,1.40955
153 ,77199 ,0.29963,1.49814
154 ,77703 ,0.28855,1.44273
155 ,78208 ,0.28840,1.44198
156 ,78716 ,0.28559,1.42793
157 ,79220 ,0.29155,1.45776
158 ,79724 ,0.28636,1.43178
159 ,80229 ,0.28354,1.41769
160 ,80733 ,0.28391,1.41957
161 ,81237 ,0.27447,1.37234
162 ,81743 ,0.32381,1.61904
163 ,82247 ,0.29568,1.47842
164 ,82752 ,0.28448,1.42239
165 ,83256 ,0.28485,1.42427
166 ,83760 ,0.27866,1.39328
167 ,84265 ,0.28334,1.41668
168 ,84769 ,0.28454,1.42270
169 ,85273 ,0.28097,1.40486
170 ,85778 ,0.29481,1.47404
171 ,86282 ,0.28222,1.41112
172 ,86786 ,0.30632,1.53160
173 ,87292 ,0.29726,1.48632
174 ,87799 ,0.28755,1.43773
175 ,88303 ,0.28717,1.43585
176 ,88808 ,0.29737,1.48687
177 ,89312 ,0.28992,1.44962
178 ,89816 ,0.29127,1.45634
179 ,90322 ,0.29089,1.45447
180 ,90826 ,0.28936,1.44680
181 ,91330 ,0.28798,1.43992
182 ,91835 ,0.29118,1.45588
183 ,92339 ,0.28861,1.44305
184 ,92844 ,0.28078,1.40388
185 ,93349 ,0.27778,1.38889
186 ,93854 ,0.28122,1.40611
187 ,94358 ,0.28172,1.40861
188 ,94862 ,0.28197,1.40987
189 ,95367 ,0.28416,1.42082
190 ,95871 ,0.28390,1.41949
191 ,96375 ,0.27828,1.39140
192 ,96882 ,0.28047,1.40235
193 ,97387 ,0.27997,1.39985
194 ,97891 ,0.28805,1.44023
195 ,98395 ,0.27634,1.38169
196 ,98900 ,0.27010,1.35048
197 ,99404 ,0.27866,1.39328
198 ,99908 ,0.27252,1.36260
199 ,100413 ,0.28028,1.40142
200 ,100917 ,0.27822,1.39109
201 ,101422 ,0.28340,1.41700
202 ,101927 ,0.28215,1.41075
203 ,102432 ,0.27790,1.38952
204 ,102936 ,0.28379,1.41894
205 ,103441 ,0.28297,1.41487
206 ,103945 ,0.28554,1.42771
207 ,104450 ,0.27940,1.39701
208 ,104955 ,0.28490,1.42449
209 ,105462 ,0.27891,1.39453
210 ,105966 ,0.27621,1.38107
211 ,106471 ,0.28573,1.42865
212 ,106975 ,0.27916,1.39578
213 ,107480 ,0.27553,1.37765
214 ,107985 ,0.27747,1.38733
215 ,108490 ,0.27665,1.38326
216 ,108994 ,0.29863,1.49313
217 ,109499 ,0.28197,1.40987
218 ,110003 ,0.28191,1.40955
219 ,110508 ,0.27615,1.38077
220 ,111013 ,0.27803,1.39014
221 ,111518 ,0.28272,1.41362
222 ,112022 ,0.28179,1.40893
223 ,112527 ,0.26012,1.30062
224 ,113031 ,0.39992,1.99961
225 ,113536 ,0.41543,2.07717
226 ,114044 ,0.31425,1.57126
227 ,114548 ,0.27578,1.37888
228 ,115053 ,0.26319,1.31596
229 ,115557 ,0.23295,1.16477
230 ,116062 ,0.23327,1.16633
231 ,116566 ,0.22413,1.12064
232 ,117072 ,0.25442,1.27209
233 ,117576 ,0.28911,1.44555
234 ,118081 ,0.26757,1.33787
235 ,118585 ,0.23057,1.15287
236 ,119090 ,0.22588,1.12940
237 ,119594 ,0.23306,1.16529
238 ,120100 ,0.23100,1.15499
239 ,120605 ,0.23070,1.15350
240 ,121109 ,0.22118,1.10592
241 ,121614 ,0.22901,1.14505
242 ,122118 ,0.23201,1.16007
243 ,122625 ,0.23181,1.15905
244 ,123131 ,0.23019,1.15093
245 ,123636 ,0.22876,1.14380
246 ,124140 ,0.25618,1.28090
247 ,124645 ,0.26983,1.34914
248 ,125149 ,0.24128,1.20640
249 ,125654 ,0.22644,1.13219
250 ,126159 ,0.22962,1.14812
251 ,126664 ,0.22976,1.14880
252 ,127168 ,0.22300,1.11500
253 ,127673 ,0.23370,1.16852
254 ,128177 ,0.23258,1.16289
255 ,128682 ,0.23150,1.15749
256 ,129187 ,0.22863,1.14317
257 ,129691 ,0.23064,1.15319
258 ,130196 ,0.22951,1.14755
259 ,130700 ,0.23295,1.16477
260 ,131207 ,0.22769,1.13847
261 ,131712 ,0.22763,1.13813
262 ,132218 ,0.29239,1.46196
263 ,132722 ,0.35265,1.76327
264 ,133226 ,0.35791,1.78957
265 ,133731 ,0.36561,1.82807
266 ,134235 ,0.37807,1.89036
267 ,134739 ,0.68462,3.42312

sample ID, execution time, extra probe , dut probe
1 ,506 ,0.48563,2.42814
2 ,1010 ,0.40330,2.01651
3 ,1514 ,0.31359,1.56794
4 ,2019 ,0.35323,1.76613
5 ,2523 ,0.32173,1.60864
6 ,3027 ,0.31985,1.59925
7 ,3531 ,0.51493,2.57464
8 ,4035 ,0.35203,1.76014
9 ,4539 ,0.36316,1.81578
10 ,5046 ,0.39076,1.95381
11 ,5550 ,0.71489,3.57444
12 ,6054 ,0.45902,2.29510
13 ,6558 ,0.40505,2.02527
14 ,7062 ,0.26138,1.30688
15 ,7567 ,0.38071,1.90354
16 ,8072 ,0.33468,1.67338
17 ,8576 ,0.26344,1.31721
18 ,9080 ,0.25944,1.29718
19 ,9584 ,0.38452,1.92260
20 ,10090 ,0.32930,1.64652
21 ,10594 ,0.31750,1.58750
22 ,11098 ,0.30282,1.51410
23 ,11602 ,0.31547,1.57733
24 ,12106 ,0.31559,1.57796
25 ,12610 ,0.37538,1.87690
26 ,13115 ,0.32006,1.60031
27 ,13620 ,0.28677,1.43386
28 ,14127 ,0.27909,1.39547
29 ,14631 ,0.32567,1.62836
30 ,15135 ,0.36493,1.82463
31 ,15639 ,0.38809,1.94045
32 ,16144 ,0.34392,1.71960
33 ,16649 ,0.36772,1.83858
34 ,17153 ,0.37281,1.86407
35 ,17657 ,0.34733,1.73666
36 ,18161 ,0.34063,1.70317
37 ,18667 ,0.28683,1.43417
38 ,19171 ,0.48907,2.44536
39 ,19675 ,0.51211,2.56055
40 ,20179 ,0.49953,2.49763
41 ,20684 ,0.40368,2.01839
42 ,21188 ,0.40092,2.00462
43 ,21692 ,0.37602,1.88011
44 ,22197 ,0.37352,1.86762
45 ,22701 ,0.38571,1.92855
46 ,23209 ,0.38052,1.90260
47 ,23713 ,0.37901,1.89506
48 ,24217 ,0.39166,1.95829
49 ,24722 ,0.36772,1.83858
50 ,25227 ,0.34205,1.71023
51 ,25731 ,0.33794,1.68971
52 ,26235 ,0.35046,1.75232
53 ,26740 ,0.37469,1.87346
54 ,27245 ,0.38820,1.94101
55 ,27749 ,0.41344,2.06718
56 ,28254 ,0.43217,2.16086
57 ,28760 ,0.40594,2.02970
58 ,29264 ,0.40975,2.04875
59 ,29768 ,0.42165,2.10823
60 ,30272 ,0.40299,2.01495
61 ,30776 ,0.40888,2.04438
62 ,31281 ,0.41858,2.09289
63 ,31786 ,0.41849,2.09247
64 ,32291 ,0.50431,2.52155
65 ,32805 ,0.68025,3.40126
66 ,33310 ,0.68350,3.41750
67 ,33814 ,0.58417,2.92084
68 ,34318 ,0.49319,2.46596
69 ,34822 ,0.34752,1.73760
70 ,35326 ,0.62280,3.11398
71 ,35830 ,0.67783,3.38913
72 ,36334 ,0.50015,2.50076
73 ,36839 ,0.36303,1.81516
74 ,37344 ,0.34842,1.74208
75 ,37848 ,0.34658,1.73291
76 ,38352 ,0.31966,1.59831
77 ,38856 ,0.32548,1.62742
78 ,39360 ,0.31240,1.56200
79 ,39865 ,0.32987,1.64934
80 ,40369 ,0.30307,1.51536
81 ,40873 ,0.38158,1.90789
82 ,41377 ,0.64433,3.22166
83 ,41884 ,0.56401,2.82005
84 ,42388 ,0.41695,2.08475
85 ,42892 ,0.37815,1.89073
86 ,43396 ,0.37482,1.87408
87 ,43900 ,0.36486,1.82431
88 ,44404 ,0.37582,1.87909
89 ,44908 ,0.38070,1.90351
90 ,45413 ,0.36740,1.83702
91 ,45918 ,0.37634,1.88168
92 ,46422 ,0.34596,1.72978
93 ,46926 ,0.32505,1.62523
94 ,47431 ,0.34765,1.73823
95 ,47936 ,0.31357,1.56783
96 ,48440 ,0.31200,1.56002
97 ,48944 ,0.31065,1.55323
98 ,49449 ,0.31910,1.59549
99 ,49953 ,0.33725,1.68627
100 ,50457 ,0.32066,1.60332
101 ,50965 ,0.31200,1.56002
102 ,51469 ,0.32668,1.63341
103 ,51973 ,0.32185,1.60926
104 ,52478 ,0.32530,1.62648
105 ,52982 ,0.35848,1.79238
106 ,53486 ,0.34026,1.70129
107 ,53990 ,0.31894,1.59469
108 ,54496 ,0.31906,1.59531
109 ,55000 ,0.31910,1.59549
110 ,55504 ,0.31390,1.56951
111 ,56009 ,0.31609,1.58047
112 ,56513 ,0.41000,2.05000
113 ,57017 ,0.40332,2.01659
114 ,57521 ,0.41157,2.05783
115 ,58027 ,0.34948,1.74739
116 ,58531 ,0.31328,1.56638
117 ,59035 ,0.31196,1.55981
118 ,59541 ,0.31294,1.56471
119 ,60048 ,0.33418,1.67088
120 ,60553 ,0.33699,1.68494
121 ,61057 ,0.33331,1.66655
122 ,61562 ,0.32861,1.64307
123 ,62067 ,0.30932,1.54659
124 ,62571 ,0.30852,1.54259
125 ,63076 ,0.30757,1.53785
126 ,63580 ,0.31334,1.56669
127 ,64084 ,0.30201,1.51003
128 ,64588 ,0.33212,1.66060
129 ,65093 ,0.31159,1.55793
130 ,65597 ,0.31076,1.55378
131 ,66102 ,0.30707,1.53535
132 ,66607 ,0.31497,1.57483
133 ,67111 ,0.31691,1.58453
134 ,67615 ,0.30902,1.54509
135 ,68119 ,0.30714,1.53570
136 ,68624 ,0.30314,1.51568
137 ,69132 ,0.30551,1.52754
138 ,69636 ,0.30839,1.54196
139 ,70140 ,0.30338,1.51692
140 ,70644 ,0.36793,1.83965
141 ,71149 ,0.33794,1.68971
142 ,71653 ,0.35110,1.75551
143 ,72158 ,0.35560,1.77800
144 ,72663 ,0.35240,1.76202
145 ,73167 ,0.35672,1.78362
146 ,73671 ,0.31052,1.55261
147 ,74175 ,0.30188,1.50941
148 ,74680 ,0.30551,1.52754
149 ,75184 ,0.29994,1.49971
150 ,75688 ,0.30720,1.53602
151 ,76192 ,0.30044,1.50221
152 ,76698 ,0.30014,1.50069
153 ,77202 ,0.29664,1.48320
154 ,77710 ,0.30757,1.53785
155 ,78214 ,0.30814,1.54071
156 ,78719 ,0.30270,1.51348
157 ,79223 ,0.29906,1.49532
158 ,79727 ,0.30570,1.52850
159 ,80232 ,0.30713,1.53566
160 ,80737 ,0.30332,1.51661
161 ,81241 ,0.29919,1.49595
162 ,81747 ,0.30301,1.51505
163 ,82251 ,0.32774,1.63869
164 ,82755 ,0.32736,1.63681
165 ,83260 ,0.31157,1.55784
166 ,83765 ,0.30632,1.53160
167 ,84270 ,0.29881,1.49407
168 ,84774 ,0.30176,1.50878
169 ,85278 ,0.30514,1.52569
170 ,85782 ,0.30263,1.51317
171 ,86287 ,0.30657,1.53285
172 ,86795 ,0.30751,1.53754
173 ,87299 ,0.31778,1.58892
174 ,87803 ,0.31966,1.59831
175 ,88307 ,0.30983,1.54916
176 ,88812 ,0.31778,1.58892
177 ,89316 ,0.31681,1.58407
178 ,89820 ,0.31108,1.55542
179 ,90325 ,0.31184,1.55918
180 ,90829 ,0.31334,1.56669
181 ,91333 ,0.31440,1.57201
182 ,91837 ,0.31556,1.57782
183 ,92343 ,0.30045,1.50225
184 ,92847 ,0.30977,1.54885
185 ,93351 ,0.30025,1.50127
186 ,93856 ,0.30169,1.50847
187 ,94360 ,0.30770,1.53852
188 ,94864 ,0.30563,1.52817
189 ,95370 ,0.30301,1.51505
190 ,95876 ,0.30802,1.54009
191 ,96381 ,0.30827,1.54134
192 ,96885 ,0.30332,1.51661
193 ,97389 ,0.32717,1.63587
194 ,97893 ,0.31694,1.58469
195 ,98399 ,0.30538,1.52692
196 ,98903 ,0.30238,1.51191
197 ,99408 ,0.30163,1.50816
198 ,99912 ,0.29575,1.47873
199 ,100416 ,0.30633,1.53163
200 ,100921 ,0.30039,1.50194
201 ,101425 ,0.30614,1.53069
202 ,101929 ,0.27828,1.39140
203 ,102434 ,0.40869,2.04343
204 ,102938 ,0.44763,2.23813
205 ,103442 ,0.46390,2.31950
206 ,103948 ,0.30894,1.54472
207 ,104455 ,0.23658,1.18292
208 ,104959 ,0.23702,1.18511
209 ,105464 ,0.23164,1.15819
210 ,105968 ,0.22926,1.14630
211 ,106472 ,0.23427,1.17134
212 ,106978 ,0.23019,1.15093
213 ,107482 ,0.28385,1.41926
214 ,107986 ,0.25618,1.28090
215 ,108491 ,0.23164,1.15819
216 ,108996 ,0.23076,1.15381
217 ,109500 ,0.23806,1.19028
218 ,110005 ,0.23108,1.15538
219 ,110509 ,0.23427,1.17134
220 ,111014 ,0.22845,1.14223
221 ,111519 ,0.22638,1.13190
222 ,112023 ,0.23083,1.15413
223 ,112528 ,0.22694,1.13469
224 ,113035 ,0.23514,1.17572
225 ,113539 ,0.24222,1.21110
226 ,114044 ,0.25668,1.28340
227 ,114548 ,0.25493,1.27464
228 ,115053 ,0.22863,1.14317
229 ,115557 ,0.22588,1.12938
230 ,116063 ,0.23225,1.16123
231 ,116568 ,0.23352,1.16758
232 ,117072 ,0.23596,1.17979
233 ,117577 ,0.22757,1.13785
234 ,118081 ,0.23264,1.16320
235 ,118585 ,0.23740,1.18699
236 ,119089 ,0.22995,1.14974
237 ,119594 ,0.25656,1.28278
238 ,120098 ,0.23878,1.19388
239 ,120603 ,0.23577,1.17885
240 ,121109 ,0.22719,1.13594
241 ,121616 ,0.22844,1.14218
242 ,122121 ,0.23325,1.16623
243 ,122626 ,0.23302,1.16508
244 ,123131 ,0.24904,1.24522
245 ,123635 ,0.37582,1.87909
246 ,124139 ,0.39066,1.95328
247 ,124643 ,0.38470,1.92352
248 ,125149 ,0.41824,2.09122
249 ,125653 ,0.68603,3.43014

sample ID, execution time, extra probe , dut probe
1 ,507 ,0.26491,1.32456
2 ,1012 ,0.26210,1.31051
3 ,1516 ,0.27603,1.38013
4 ,2020 ,0.25530,1.27652
5 ,2525 ,0.26407,1.32034
6 ,3029 ,0.31935,1.59674
7 ,3533 ,0.26766,1.33830
8 ,4041 ,0.25348,1.26741
9 ,4545 ,0.25512,1.27558
10 ,5049 ,0.29806,1.49032
11 ,5553 ,0.50942,2.54709
12 ,6057 ,0.39404,1.97018
13 ,6562 ,0.38851,1.94257
14 ,7066 ,0.26833,1.34163
15 ,7570 ,0.33619,1.68095
16 ,8074 ,0.36292,1.81461
17 ,8578 ,0.27546,1.37731
18 ,9083 ,0.27859,1.39295
19 ,9588 ,0.35017,1.75083
20 ,10092 ,0.33412,1.67062
21 ,10596 ,0.32104,1.60519
22 ,11100 ,0.31309,1.56544
23 ,11604 ,0.29888,1.49438
24 ,12109 ,0.30869,1.54347
25 ,12613 ,0.52632,2.63161
26 ,13117 ,0.52613,2.63067
27 ,13624 ,0.29174,1.45870
28 ,14128 ,0.24422,1.22111
29 ,14634 ,0.25136,1.25679
30 ,15138 ,0.35398,1.76988
31 ,15642 ,0.34796,1.73980
32 ,16146 ,0.38302,1.91509
33 ,16651 ,0.34126,1.70630
34 ,17155 ,0.35541,1.77705
35 ,17659 ,0.33805,1.69024
36 ,18164 ,0.29189,1.45947
37 ,18669 ,0.25875,1.29373
38 ,19173 ,0.28604,1.43021
39 ,19677 ,0.59638,2.98189
40 ,20181 ,0.58073,2.90363
41 ,20685 ,0.35554,1.77768
42 ,21190 ,0.32780,1.63900
43 ,21695 ,0.38289,1.91447
44 ,22199 ,0.36543,1.82713
45 ,22706 ,0.35265,1.76327
46 ,23210 ,0.35766,1.78831
47 ,23714 ,0.34673,1.73365
48 ,24218 ,0.36543,1.82713
49 ,24722 ,0.37832,1.89161
50 ,25226 ,0.40318,2.01589
51 ,25731 ,0.42296,2.11480
52 ,26235 ,0.44373,2.21863
53 ,26740 ,0.37559,1.87793
54 ,27244 ,0.37043,1.85217
55 ,27749 ,0.36881,1.84403
56 ,28253 ,0.34902,1.74512
57 ,28757 ,0.39385,1.96924
58 ,29261 ,0.38808,1.94039
59 ,29765 ,0.39491,1.97456
60 ,30269 ,0.39009,1.95046
61 ,30774 ,0.39410,1.97050
62 ,31279 ,0.38208,1.91041
63 ,31783 ,0.38189,1.90947
64 ,32291 ,0.38414,1.92071
65 ,32795 ,0.34602,1.73009
66 ,33299 ,0.64615,3.23074
67 ,33804 ,0.72172,3.60862
68 ,34309 ,0.64290,3.21451
69 ,34814 ,0.61761,3.08804
70 ,35318 ,0.60187,3.00935
71 ,35822 ,0.68021,3.40103
72 ,36326 ,0.62943,3.14716
73 ,36830 ,0.39842,1.99209
74 ,37334 ,0.30752,1.53758
75 ,37839 ,0.29577,1.47883
76 ,38344 ,0.27615,1.38077
77 ,38848 ,0.27371,1.36855
78 ,39352 ,0.25806,1.29029
79 ,39857 ,0.27070,1.35352
80 ,40361 ,0.25148,1.25742
81 ,40865 ,0.26947,1.34736
82 ,41373 ,0.32987,1.64934
83 ,41877 ,0.56445,2.82224
84 ,42381 ,0.57522,2.87608
85 ,42886 ,0.39886,1.99429
86 ,43390 ,0.31747,1.58735
87 ,43894 ,0.42499,2.12495
88 ,44398 ,0.55856,2.79282
89 ,44903 ,0.47110,2.35552
90 ,45407 ,0.32342,1.61709
91 ,45911 ,0.32141,1.60707
92 ,46415 ,0.60212,3.01059
93 ,46920 ,0.63972,3.19859
94 ,47424 ,0.38853,1.94264
95 ,47929 ,0.31102,1.55511
96 ,48433 ,0.31371,1.56857
97 ,48937 ,0.31365,1.56826
98 ,49441 ,0.31300,1.56502
99 ,49946 ,0.30971,1.54854
100 ,50452 ,0.31453,1.57264
101 ,50957 ,0.31910,1.59549
102 ,51461 ,0.30320,1.51598
103 ,51966 ,0.30888,1.54441
104 ,52471 ,0.39207,1.96037
105 ,52975 ,0.59581,2.97907
106 ,53479 ,0.56151,2.80753
107 ,53983 ,0.31841,1.59205
108 ,54488 ,0.31822,1.59111
109 ,54992 ,0.30339,1.51693
110 ,55498 ,0.31538,1.57689
111 ,56002 ,0.31134,1.55668
112 ,56506 ,0.30614,1.53069
113 ,57010 ,0.30814,1.54071
114 ,57516 ,0.30601,1.53004
115 ,58020 ,0.31750,1.58750
116 ,58526 ,0.30957,1.54784
117 ,59030 ,0.30695,1.53476
118 ,59537 ,0.30094,1.50471
119 ,60041 ,0.31703,1.58516
120 ,60546 ,0.31371,1.56857
121 ,61050 ,0.30101,1.50506
122 ,61556 ,0.31069,1.55346
123 ,62060 ,0.31904,1.59518
124 ,62564 ,0.30558,1.52788
125 ,63068 ,0.30263,1.51317
126 ,63572 ,0.32098,1.60488
127 ,64076 ,0.28767,1.43835
128 ,64580 ,0.30044,1.50221
129 ,65084 ,0.29011,1.45056
130 ,65589 ,0.29593,1.47967
131 ,66093 ,0.28692,1.43460
132 ,66597 ,0.27734,1.38670
133 ,67103 ,0.30545,1.52723
134 ,67607 ,0.27772,1.38858
135 ,68112 ,0.27659,1.38295
136 ,68618 ,0.27753,1.38764
137 ,69123 ,0.27221,1.36104
138 ,69627 ,0.28377,1.41887
139 ,70133 ,0.28365,1.41824
140 ,70637 ,0.28147,1.40736
141 ,71141 ,0.28373,1.41863
142 ,71646 ,0.29080,1.45400
143 ,72150 ,0.28060,1.40298
144 ,72654 ,0.28228,1.41138
145 ,73160 ,0.27222,1.36110
146 ,73664 ,0.27615,1.38075
147 ,74169 ,0.27327,1.36636
148 ,74673 ,0.27208,1.36041
149 ,75177 ,0.28323,1.41613
150 ,75682 ,0.27622,1.38108
151 ,76186 ,0.27853,1.39265
152 ,76691 ,0.28122,1.40611
153 ,77197 ,0.27139,1.35697
154 ,77702 ,0.27365,1.36823
155 ,78206 ,0.27358,1.36792
156 ,78711 ,0.31700,1.58500
157 ,79215 ,0.30426,1.52130
158 ,79719 ,0.28448,1.42239
159 ,80224 ,0.27759,1.38795
160 ,80728 ,0.28873,1.44367
161 ,81232 ,0.27759,1.38795
162 ,81738 ,0.27609,1.38046
163 ,82242 ,0.27978,1.39891
164 ,82747 ,0.27221,1.36103
165 ,83251 ,0.27496,1.37481
166 ,83755 ,0.27208,1.36041
167 ,84260 ,0.26922,1.34611
168 ,84765 ,0.29570,1.47852
169 ,85270 ,0.26920,1.34601
170 ,85774 ,0.26983,1.34914
171 ,86281 ,0.27039,1.35196
172 ,86785 ,0.27484,1.37418
173 ,87290 ,0.27247,1.36234
174 ,87795 ,0.27035,1.35173
175 ,88300 ,0.27840,1.39202
176 ,88804 ,0.27909,1.39547
177 ,89308 ,0.27784,1.38921
178 ,89814 ,0.31094,1.55471
179 ,90318 ,0.28621,1.43105
180 ,90823 ,0.28310,1.41550
181 ,91327 ,0.28654,1.43272
182 ,91831 ,0.28103,1.40517
183 ,92336 ,0.26989,1.34945
184 ,92841 ,0.27266,1.36328
185 ,93346 ,0.26828,1.34142
186 ,93850 ,0.26889,1.34444
187 ,94354 ,0.27095,1.35477
188 ,94859 ,0.27421,1.37105
189 ,95365 ,0.27014,1.35070
190 ,95870 ,0.26739,1.33693
191 ,96374 ,0.27228,1.36141
192 ,96879 ,0.27308,1.36542
193 ,97383 ,0.26939,1.34695
194 ,97887 ,0.27008,1.35039
195 ,98392 ,0.27578,1.37888
196 ,98896 ,0.27184,1.35922
197 ,99402 ,0.26778,1.33892
198 ,99906 ,0.27189,1.35947
199 ,100410 ,0.27427,1.37136
200 ,100915 ,0.27565,1.37825
201 ,101419 ,0.26782,1.33912
202 ,101924 ,0.26772,1.33861
203 ,102430 ,0.27772,1.38858
204 ,102934 ,0.26939,1.34695
205 ,103438 ,0.26858,1.34288
206 ,103945 ,0.27409,1.37043
207 ,104450 ,0.27077,1.35384
208 ,104954 ,0.26516,1.32581
209 ,105460 ,0.26822,1.34111
210 ,105964 ,0.26401,1.32003
211 ,106469 ,0.27696,1.38482
212 ,106973 ,0.27058,1.35290
213 ,107478 ,0.27715,1.38576
214 ,107982 ,0.27178,1.35891
215 ,108488 ,0.26566,1.32831
216 ,108993 ,0.26901,1.34507
217 ,109497 ,0.26632,1.33161
218 ,110002 ,0.27584,1.37919
219 ,110506 ,0.27315,1.36573
220 ,111011 ,0.27871,1.39357
221 ,111515 ,0.27277,1.36385
222 ,112019 ,0.27158,1.35790
223 ,112526 ,0.27409,1.37043
224 ,113031 ,0.27152,1.35759
225 ,113535 ,0.27340,1.36698
226 ,114040 ,0.27035,1.35173
227 ,114544 ,0.27402,1.37011
228 ,115049 ,0.26469,1.32347
229 ,115553 ,0.26933,1.34664
230 ,116058 ,0.27102,1.35509
231 ,116562 ,0.27122,1.35610
232 ,117068 ,0.27097,1.35485
233 ,117572 ,0.27058,1.35290
234 ,118077 ,0.27064,1.35321
235 ,118581 ,0.26689,1.33443
236 ,119086 ,0.27202,1.36010
237 ,119590 ,0.27291,1.36453
238 ,120096 ,0.27053,1.35266
239 ,120600 ,0.26939,1.34695
240 ,121107 ,0.26814,1.34069
241 ,121612 ,0.26889,1.34444
242 ,122116 ,0.27509,1.37543
243 ,122622 ,0.27109,1.35547
244 ,123126 ,0.26916,1.34579
245 ,123631 ,0.25374,1.26869
246 ,124135 ,0.36549,1.82744
247 ,124640 ,0.41833,2.09164
248 ,125144 ,0.31102,1.55511
249 ,125649 ,0.32568,1.62841
250 ,126154 ,0.35591,1.77956
251 ,126659 ,0.25931,1.29655
252 ,127163 ,0.23070,1.15350
253 ,127668 ,0.22018,1.10091
254 ,128172 ,0.23145,1.15726
255 ,128677 ,0.22456,1.12282
256 ,129183 ,0.25255,1.26273
257 ,129690 ,0.26413,1.32065
258 ,130194 ,0.27152,1.35759
259 ,130698 ,0.24429,1.22143
260 ,131203 ,0.22463,1.12314
261 ,131708 ,0.22350,1.11751
262 ,132213 ,0.22962,1.14812
263 ,132718 ,0.22845,1.14223
264 ,133223 ,0.23352,1.16759
265 ,133727 ,0.22638,1.13190
266 ,134232 ,0.22419,1.12094
267 ,134736 ,0.22506,1.12532
268 ,135242 ,0.23350,1.16748
269 ,135747 ,0.22594,1.12971
270 ,136251 ,0.22388,1.11938
271 ,136756 ,0.26282,1.31408
272 ,137260 ,0.25399,1.26995
273 ,137765 ,0.22144,1.10721
274 ,138273 ,0.23243,1.16217
275 ,138778 ,0.22525,1.12627
276 ,139282 ,0.23151,1.15757
277 ,139787 ,0.23045,1.15225
278 ,140291 ,0.23070,1.15350
279 ,140795 ,0.22882,1.14411
280 ,141301 ,0.23543,1.17716
281 ,141805 ,0.22726,1.13628
282 ,142310 ,0.22250,1.11249
283 ,142814 ,0.22688,1.13440
284 ,143319 ,0.22913,1.14567
285 ,143823 ,0.28565,1.42824
286 ,144328 ,0.50968,2.54841
287 ,144833 ,0.58868,2.94338
288 ,145337 ,0.58523,2.92617
289 ,145841 ,0.58724,2.93618

sample ID, execution time, extra probe , dut probe
1 ,509 ,0.31165,1.55824
2 ,1014 ,0.23915,1.19576
3 ,1518 ,0.27108,1.35540
4 ,2022 ,0.26350,1.31752
5 ,2526 ,0.25336,1.26679
6 ,3031 ,0.33830,1.69149
7 ,3535 ,0.26025,1.30125
8 ,4040 ,0.23633,1.18167
9 ,4544 ,0.25130,1.25648
10 ,5049 ,0.26891,1.34455
11 ,5553 ,0.53085,2.65427
12 ,6057 ,0.36230,1.81148
13 ,6561 ,0.32110,1.60551
14 ,7066 ,0.24710,1.23551
15 ,7570 ,0.32730,1.63650
16 ,8074 ,0.39476,1.97380
17 ,8579 ,0.27772,1.38858
18 ,9084 ,0.23170,1.15851
19 ,9588 ,0.33118,1.65591
20 ,10094 ,0.35391,1.76953
21 ,10598 ,0.33262,1.66310
22 ,11103 ,0.29689,1.48445
23 ,11608 ,0.28939,1.44697
24 ,12112 ,0.29737,1.48687
25 ,12616 ,0.33544,1.67719
26 ,13121 ,0.31897,1.59486
27 ,13625 ,0.30188,1.50941
28 ,14129 ,0.26323,1.31613
29 ,14634 ,0.26989,1.34945
30 ,15138 ,0.46722,2.33611
31 ,15642 ,0.46904,2.34519
32 ,16146 ,0.39629,1.98145
33 ,16650 ,0.30982,1.54909
34 ,17156 ,0.29545,1.47727
35 ,17660 ,0.30451,1.52256
36 ,18164 ,0.26520,1.32598
37 ,18668 ,0.28016,1.40079
38 ,19175 ,0.24291,1.21454
39 ,19680 ,0.32262,1.61311
40 ,20185 ,0.31887,1.59437
41 ,20689 ,0.32342,1.61709
42 ,21193 ,0.31202,1.56012
43 ,21698 ,0.32686,1.63431
44 ,22203 ,0.35323,1.76613
45 ,22707 ,0.32731,1.63653
46 ,23211 ,0.32605,1.63024
47 ,23715 ,0.33012,1.65058
48 ,24219 ,0.31897,1.59486
49 ,24725 ,0.32300,1.61498
50 ,25230 ,0.30239,1.51193
51 ,25734 ,0.31444,1.57220
52 ,26239 ,0.30990,1.54948
53 ,26743 ,0.33456,1.67281
54 ,27247 ,0.33519,1.67594
55 ,27751 ,0.33669,1.68345
56 ,28259 ,0.34024,1.70118
57 ,28763 ,0.35779,1.78893
58 ,29267 ,0.35015,1.75075
59 ,29772 ,0.35309,1.76546
60 ,30277 ,0.35254,1.76270
61 ,30781 ,0.36380,1.81899
62 ,31285 ,0.35285,1.76426
63 ,31791 ,0.35460,1.77300
64 ,32296 ,0.35148,1.75739
65 ,32800 ,0.58404,2.92022
66 ,33304 ,0.67069,3.35345
67 ,33808 ,0.50735,2.53676
68 ,34312 ,0.30651,1.53254
69 ,34816 ,0.34577,1.72884
70 ,35321 ,0.49201,2.46007
71 ,35826 ,0.54341,2.71704
72 ,36330 ,0.46303,2.31514
73 ,36835 ,0.32468,1.62342
74 ,37339 ,0.28755,1.43773
75 ,37846 ,0.27189,1.35947
76 ,38350 ,0.27246,1.36229
77 ,38854 ,0.26119,1.30594
78 ,39358 ,0.27559,1.37794
79 ,39863 ,0.24942,1.24711
80 ,40368 ,0.27016,1.35079
81 ,40873 ,0.35704,1.78518
82 ,41377 ,0.32805,1.64025
83 ,41881 ,0.32793,1.63963
84 ,42385 ,0.32248,1.61239
85 ,42890 ,0.33237,1.66183
86 ,43395 ,0.31263,1.56314
87 ,43899 ,0.31371,1.56857
88 ,44403 ,0.30626,1.53132
89 ,44907 ,0.30013,1.50064
90 ,45412 ,0.30933,1.54666
91 ,45916 ,0.30357,1.51786
92 ,46420 ,0.29644,1.48218
93 ,46927 ,0.30808,1.54040
94 ,47431 ,0.30088,1.50440
95 ,47935 ,0.29130,1.45651
96 ,48441 ,0.32081,1.60405
97 ,48945 ,0.30426,1.52130
98 ,49449 ,0.30169,1.50847
99 ,49953 ,0.29600,1.47998
100 ,50458 ,0.28786,1.43929
101 ,50962 ,0.30169,1.50847
102 ,51466 ,0.28808,1.44042
103 ,51972 ,0.31057,1.55284
104 ,52476 ,0.31534,1.57671
105 ,52980 ,0.30977,1.54885
106 ,53485 ,0.31659,1.58297
107 ,53989 ,0.30871,1.54353
108 ,54493 ,0.29689,1.48445
109 ,54999 ,0.29820,1.49101
110 ,55503 ,0.30326,1.51630
111 ,56010 ,0.29230,1.46152
112 ,56516 ,0.31213,1.56065
113 ,57020 ,0.30232,1.51160
114 ,57525 ,0.29183,1.45915
115 ,58030 ,0.29789,1.48945
116 ,58534 ,0.29512,1.47560
117 ,59039 ,0.30069,1.50346
118 ,59543 ,0.35447,1.77235
119 ,60047 ,0.36555,1.82776
120 ,60551 ,0.38645,1.93227
121 ,61057 ,0.33530,1.67650
122 ,61561 ,0.31597,1.57984
123 ,62065 ,0.30683,1.53414
124 ,62570 ,0.30057,1.50284
125 ,63075 ,0.30082,1.50412
126 ,63580 ,0.29183,1.45915
127 ,64084 ,0.29136,1.45682
128 ,64591 ,0.29237,1.46183
129 ,65095 ,0.28980,1.44899
130 ,65599 ,0.29030,1.45150
131 ,66105 ,0.29602,1.48008
132 ,66609 ,0.29908,1.49538
133 ,67113 ,0.30182,1.50910
134 ,67618 ,0.28830,1.44148
135 ,68122 ,0.28266,1.41331
136 ,68626 ,0.29744,1.48718
137 ,69131 ,0.28277,1.41387
138 ,69636 ,0.28808,1.44042
139 ,70141 ,0.28711,1.43554
140 ,70645 ,0.28548,1.42740
141 ,71149 ,0.28686,1.43428
142 ,71654 ,0.28911,1.44555
143 ,72158 ,0.28752,1.43761
144 ,72664 ,0.28702,1.43511
145 ,73168 ,0.31071,1.55354
146 ,73674 ,0.31346,1.56732
147 ,74179 ,0.30101,1.50503
148 ,74683 ,0.30270,1.51348
149 ,75188 ,0.28790,1.43948
150 ,75693 ,0.27828,1.39139
151 ,76197 ,0.28848,1.44242
152 ,76702 ,0.29374,1.46871
153 ,77206 ,0.29312,1.46559
154 ,77710 ,0.27609,1.38044
155 ,78215 ,0.28021,1.40107
156 ,78719 ,0.27922,1.39609
157 ,79223 ,0.28122,1.40611
158 ,79728 ,0.27815,1.39077
159 ,80232 ,0.29093,1.45463
160 ,80737 ,0.28146,1.40731
161 ,81242 ,0.29820,1.49101
162 ,81746 ,0.30902,1.54509
163 ,82251 ,0.28698,1.43491
164 ,82757 ,0.28072,1.40361
165 ,83262 ,0.29199,1.45995
166 ,83766 ,0.28571,1.42855
167 ,84272 ,0.27865,1.39326
168 ,84776 ,0.27089,1.35446
169 ,85280 ,0.28435,1.42176
170 ,85785 ,0.28154,1.40768
171 ,86289 ,0.29068,1.45338
172 ,86793 ,0.28815,1.44073
173 ,87299 ,0.28240,1.41200
174 ,87803 ,0.27922,1.39609
175 ,88308 ,0.28060,1.40298
176 ,88812 ,0.28823,1.44117
177 ,89316 ,0.29212,1.46058
178 ,89821 ,0.29295,1.46477
179 ,90325 ,0.29299,1.46496
180 ,90829 ,0.29587,1.47936
181 ,91336 ,0.29600,1.47998
182 ,91840 ,0.29712,1.48562
183 ,92346 ,0.28758,1.43792
184 ,92850 ,0.27865,1.39326
185 ,93355 ,0.28354,1.41769
186 ,93859 ,0.28016,1.40079
187 ,94363 ,0.28611,1.43053
188 ,94867 ,0.28166,1.40830
189 ,95372 ,0.28459,1.42293
190 ,95877 ,0.30220,1.51099
191 ,96382 ,0.28504,1.42521
192 ,96886 ,0.29562,1.47811
193 ,97390 ,0.28141,1.40705
194 ,97895 ,0.28654,1.43272
195 ,98399 ,0.28271,1.41356
196 ,98905 ,0.27734,1.38670
197 ,99409 ,0.28047,1.40235
198 ,99913 ,0.28573,1.42865
199 ,100420 ,0.28135,1.40674
200 ,100924 ,0.28028,1.40141
201 ,101429 ,0.28677,1.43386
202 ,101934 ,0.28071,1.40357
203 ,102439 ,0.28241,1.41206
204 ,102943 ,0.28379,1.41894
205 ,103448 ,0.28598,1.42990
206 ,103952 ,0.28448,1.42239
207 ,104457 ,0.27984,1.39920
208 ,104962 ,0.29014,1.45072
209 ,105467 ,0.28066,1.40329
210 ,105971 ,0.28492,1.42458
211 ,106476 ,0.28297,1.41487
212 ,106980 ,0.28241,1.41206
213 ,107485 ,0.27990,1.39951
214 ,107989 ,0.27646,1.38232
215 ,108494 ,0.27747,1.38733
216 ,109000 ,0.27653,1.38263
217 ,109505 ,0.28410,1.42051
218 ,110009 ,0.27953,1.39766
219 ,110514 ,0.28552,1.42761
220 ,111018 ,0.26632,1.33161
221 ,111523 ,0.33619,1.68095
222 ,112027 ,0.43799,2.18993
223 ,112531 ,0.36743,1.83715
224 ,113036 ,0.35398,1.76988
225 ,113541 ,0.31481,1.57407
226 ,114046 ,0.24566,1.22831
227 ,114550 ,0.22569,1.12846
228 ,115055 ,0.22237,1.11187
229 ,115560 ,0.22544,1.12720
230 ,116064 ,0.22600,1.13001
231 ,116570 ,0.26679,1.33393
232 ,117074 ,0.27008,1.35039
233 ,117581 ,0.23264,1.16320
234 ,118085 ,0.22970,1.14849
235 ,118590 ,0.22607,1.13033
236 ,119095 ,0.23375,1.16873
237 ,119600 ,0.23081,1.15405
238 ,120105 ,0.22594,1.12971
239 ,120609 ,0.22075,1.10373
240 ,121114 ,0.22075,1.10373
241 ,121618 ,0.22538,1.12689
242 ,122122 ,0.22494,1.12470
243 ,122628 ,0.23462,1.17310
244 ,123132 ,0.22676,1.13378
245 ,123637 ,0.27872,1.39359
246 ,124141 ,0.23026,1.15131
247 ,124646 ,0.23064,1.15319
248 ,125150 ,0.27978,1.39888
249 ,125656 ,0.24930,1.24649
250 ,126163 ,0.22363,1.11813
251 ,126667 ,0.22469,1.12345
252 ,127172 ,0.23596,1.17979
253 ,127676 ,0.22381,1.11907
254 ,128181 ,0.22944,1.14718
255 ,128687 ,0.22638,1.13188
256 ,129191 ,0.22907,1.14536
257 ,129696 ,0.22087,1.10435
258 ,130200 ,0.22262,1.11312
259 ,130705 ,0.22406,1.12032
260 ,131210 ,0.22925,1.14624
261 ,131715 ,0.33049,1.65246
262 ,132219 ,0.35741,1.78706
263 ,132724 ,0.35328,1.76640
264 ,133228 ,0.35240,1.76202
265 ,133732 ,0.35284,1.76421
