
sample ID, execution time, extra probe , dut probe
1 ,518 ,0.20966,1.04832
2 ,1022 ,0.22168,1.10842
3 ,1526 ,0.21674,1.08369
4 ,2030 ,0.23014,1.15068
5 ,2535 ,0.26369,1.31846
6 ,3038 ,0.24034,1.20170
7 ,3542 ,0.20084,1.00419
8 ,4046 ,0.21004,1.05020
9 ,4550 ,0.30933,1.54666
10 ,5054 ,0.54085,2.70423
11 ,5559 ,0.37790,1.88948
12 ,6064 ,0.41781,2.08903
13 ,6568 ,0.33475,1.67375
14 ,7072 ,0.38145,1.90726
15 ,7576 ,0.39022,1.95109
16 ,8080 ,0.33243,1.66216
17 ,8584 ,0.32187,1.60936
18 ,9088 ,0.31941,1.59706
19 ,9595 ,0.41326,2.06628
20 ,10099 ,0.56695,2.83476
21 ,10603 ,0.52131,2.60657
22 ,11107 ,0.26173,1.30863
23 ,11613 ,0.31881,1.59406
24 ,12117 ,0.38170,1.90852
25 ,12621 ,0.23715,1.18574
26 ,13125 ,0.22056,1.10279
27 ,13630 ,0.28780,1.43898
28 ,14134 ,0.67963,3.39814
29 ,14639 ,0.61099,3.05494
30 ,15143 ,0.60520,3.02602
31 ,15647 ,0.57997,2.89987
32 ,16151 ,0.57653,2.88265
33 ,16656 ,0.59818,2.99092
34 ,17160 ,0.52586,2.62929
35 ,17664 ,0.65585,3.27926
36 ,18168 ,0.56038,2.80189
37 ,18675 ,0.54930,2.74649
38 ,19179 ,0.61046,3.05232
39 ,19683 ,0.51199,2.55996
40 ,20188 ,0.58707,2.93533
41 ,20692 ,0.54398,2.71988
42 ,21196 ,0.51386,2.56932
43 ,21702 ,0.59643,2.98217
44 ,22206 ,0.49809,2.49043
45 ,22710 ,0.43823,2.19115
46 ,23215 ,0.46690,2.33449
47 ,23719 ,0.38909,1.94545
48 ,24224 ,0.38333,1.91665
49 ,24728 ,0.36461,1.82306
50 ,25232 ,0.30664,1.53320
51 ,25736 ,0.32312,1.61561
52 ,26241 ,0.31584,1.57921
53 ,26745 ,0.31384,1.56920
54 ,27249 ,0.30808,1.54040
55 ,27756 ,0.29900,1.49501
56 ,28261 ,0.29851,1.49257
57 ,28766 ,0.29733,1.48663
58 ,29270 ,0.48870,2.44348
59 ,29774 ,0.27565,1.37825
60 ,30278 ,0.28147,1.40736
61 ,30783 ,0.23978,1.19889
62 ,31287 ,0.24468,1.22338
63 ,31793 ,0.24118,1.20589
64 ,32297 ,0.24666,1.23332
65 ,32802 ,0.26513,1.32566
66 ,33306 ,0.32148,1.60739
67 ,33810 ,0.29900,1.49501
68 ,34315 ,0.26391,1.31956
69 ,34820 ,0.28028,1.40138
70 ,35324 ,0.26908,1.34538
71 ,35828 ,0.27515,1.37575
72 ,36333 ,0.31853,1.59267
73 ,36837 ,0.30119,1.50597
74 ,37343 ,0.26300,1.31502
75 ,37847 ,0.20816,1.04081
76 ,38351 ,0.19395,0.96975
77 ,38856 ,0.24466,1.22330
78 ,39360 ,0.20322,1.01608
79 ,39865 ,0.19021,0.95107
80 ,40370 ,0.23325,1.16623
81 ,40875 ,0.18775,0.93876
82 ,41379 ,0.18494,0.92468
83 ,41883 ,0.20065,1.00325
84 ,42388 ,0.18650,0.93250
85 ,42892 ,0.19171,0.95856
86 ,43398 ,0.19003,0.95013
87 ,43902 ,0.18863,0.94315
88 ,44407 ,0.19201,0.96005
89 ,44911 ,0.19739,0.98697
90 ,45415 ,0.18731,0.93657
91 ,45920 ,0.18697,0.93483
92 ,46428 ,0.20458,1.02289
93 ,46932 ,0.19276,0.96381
94 ,47437 ,0.19464,0.97320
95 ,47941 ,0.19113,0.95567
96 ,48445 ,0.19157,0.95786
97 ,48950 ,0.19028,0.95138
98 ,49455 ,0.22763,1.13813
99 ,49960 ,0.22701,1.13503
100 ,50464 ,0.19276,0.96381
101 ,50969 ,0.19389,0.96944
102 ,51473 ,0.18738,0.93689
103 ,51978 ,0.21651,1.08254
104 ,52482 ,0.41257,2.06284
105 ,52986 ,0.42227,2.11136
106 ,53490 ,0.54166,2.70830
107 ,53995 ,0.51643,2.58215
108 ,54499 ,0.48283,2.41413

sample ID, execution time, extra probe , dut probe
1 ,507 ,0.41877,2.09383
2 ,1011 ,0.34661,1.73303
3 ,1516 ,0.31363,1.56814
4 ,2020 ,0.30833,1.54165
5 ,2524 ,0.35816,1.79082
6 ,3028 ,0.42277,2.11386
7 ,3532 ,0.33581,1.67907
8 ,4036 ,0.34348,1.71741
9 ,4540 ,0.45614,2.28071
10 ,5044 ,0.61434,3.07172
11 ,5548 ,0.49452,2.47259
12 ,6052 ,0.51386,2.56932
13 ,6556 ,0.46134,2.30670
14 ,7061 ,0.52192,2.60962
15 ,7565 ,0.47624,2.38119
16 ,8069 ,0.45839,2.29197
17 ,8574 ,0.43329,2.16645
18 ,9079 ,0.45128,2.25642
19 ,9585 ,0.55921,2.79605
20 ,10090 ,0.55290,2.76451
21 ,10594 ,0.65385,3.26924
22 ,11098 ,0.39385,1.96924
23 ,11603 ,0.45382,2.26912
24 ,12108 ,0.53460,2.67301
25 ,12612 ,0.39832,1.99160
26 ,13116 ,0.33594,1.67969
27 ,13620 ,0.40675,2.03373
28 ,14124 ,0.71220,3.56098
29 ,14628 ,0.70675,3.53375
30 ,15132 ,0.70730,3.53648
31 ,15637 ,0.71079,3.55397
32 ,16141 ,0.65879,3.29397
33 ,16646 ,0.75064,3.75321
34 ,17151 ,0.68100,3.40501
35 ,17656 ,0.72329,3.61643
36 ,18161 ,0.75389,3.76944
37 ,18666 ,0.69087,3.45435
38 ,19172 ,0.63826,3.19130
39 ,19676 ,0.72991,3.64957
40 ,20181 ,0.80648,4.03239
41 ,20685 ,0.78106,3.90529
42 ,21189 ,0.67663,3.38315
43 ,21693 ,0.65460,3.27300
44 ,22197 ,0.64008,3.20038
45 ,22701 ,0.58699,2.93493
46 ,23205 ,0.57534,2.87671
47 ,23710 ,0.42874,2.14368
48 ,24215 ,0.37965,1.89823
49 ,24719 ,0.35785,1.78925
50 ,25223 ,0.47530,2.37649
51 ,25727 ,0.46127,2.30637
52 ,26232 ,0.45915,2.29573
53 ,26736 ,0.36366,1.81828
54 ,27240 ,0.40512,2.02559
55 ,27744 ,0.47311,2.36554
56 ,28251 ,0.48369,2.41844
57 ,28755 ,0.42377,2.11887
58 ,29261 ,0.28821,1.44104
59 ,29765 ,0.63841,3.19203
60 ,30269 ,0.43273,2.16363
61 ,30773 ,0.44788,2.23939
62 ,31277 ,0.36230,1.81148
63 ,31781 ,0.36837,1.84184
64 ,32286 ,0.36878,1.84389
65 ,32791 ,0.37153,1.85763
66 ,33295 ,0.36643,1.83214
67 ,33800 ,0.25706,1.28528
68 ,34304 ,0.26332,1.31659
69 ,34808 ,0.31171,1.55855
70 ,35312 ,0.38258,1.91290
71 ,35817 ,0.37951,1.89756
72 ,36321 ,0.33337,1.66686
73 ,36825 ,0.30132,1.50659
74 ,37332 ,0.33995,1.69973
75 ,37836 ,0.27490,1.37450
76 ,38341 ,0.22494,1.12470
77 ,38845 ,0.20441,1.02203
78 ,39349 ,0.20954,1.04770
79 ,39854 ,0.25687,1.28434
80 ,40358 ,0.20516,1.02578
81 ,40862 ,0.26897,1.34486
82 ,41367 ,0.20265,1.01326
83 ,41871 ,0.19527,0.97633
84 ,42376 ,0.19952,0.99761
85 ,42880 ,0.19965,0.99824
86 ,43384 ,0.19827,0.99135
87 ,43889 ,0.20414,1.02071
88 ,44394 ,0.20676,1.03382
89 ,44899 ,0.23133,1.15663
90 ,45403 ,0.19307,0.96537
91 ,45908 ,0.20190,1.00951
92 ,46414 ,0.19777,0.98885
93 ,46918 ,0.19395,0.96975
94 ,47422 ,0.24166,1.20828
95 ,47927 ,0.22863,1.14317
96 ,48431 ,0.19833,0.99167
97 ,48935 ,0.20159,1.00794
98 ,49441 ,0.19833,0.99166
99 ,49945 ,0.19889,0.99447
100 ,50450 ,0.21198,1.05990
101 ,50954 ,0.19326,0.96631
102 ,51459 ,0.19170,0.95848
103 ,51963 ,0.19176,0.95880
104 ,52468 ,0.21007,1.05037
105 ,52973 ,0.20358,1.01789
106 ,53478 ,0.21449,1.07243
107 ,53982 ,0.20002,1.00012
108 ,54486 ,0.25111,1.25555
109 ,54990 ,0.37895,1.89474
110 ,55497 ,0.38745,1.93726
111 ,56003 ,0.56221,2.81104
112 ,56507 ,0.41413,2.07066
113 ,57011 ,0.32542,1.62711

sample ID, execution time, extra probe , dut probe
1 ,505 ,0.27916,1.39578
2 ,1009 ,0.31101,1.55503
3 ,1513 ,0.28623,1.43115
4 ,2017 ,0.32793,1.63963
5 ,2521 ,0.42715,2.13577
6 ,3025 ,0.33857,1.69284
7 ,3530 ,0.32275,1.61374
8 ,4034 ,0.25023,1.25116
9 ,4538 ,0.40023,2.00117
10 ,5042 ,0.49408,2.47040
11 ,5546 ,0.39817,1.99084
12 ,6050 ,0.54703,2.73516
13 ,6556 ,0.48732,2.43661
14 ,7063 ,0.53729,2.68644
15 ,7567 ,0.48388,2.41938
16 ,8071 ,0.36179,1.80897
17 ,8575 ,0.37112,1.85562
18 ,9081 ,0.37721,1.88605
19 ,9585 ,0.48233,2.41163
20 ,10090 ,0.70561,3.52805
21 ,10594 ,0.45746,2.28728
22 ,11098 ,0.33907,1.69535
23 ,11602 ,0.42803,2.14016
24 ,12107 ,0.40856,2.04282
25 ,12612 ,0.24761,1.23806
26 ,13116 ,0.24184,1.20922
27 ,13620 ,0.42021,2.10103
28 ,14124 ,0.75270,3.76351
29 ,14628 ,0.62931,3.14654
30 ,15132 ,0.67813,3.39064
31 ,15636 ,0.65923,3.29616
32 ,16141 ,0.77719,3.88593
33 ,16647 ,0.78707,3.93536
34 ,17151 ,0.69060,3.45299
35 ,17655 ,0.74590,3.72948
36 ,18160 ,0.67188,3.35941
37 ,18664 ,0.65817,3.29084
38 ,19168 ,0.68258,3.41292
39 ,19672 ,0.66205,3.31025
40 ,20177 ,0.67551,3.37753
41 ,20681 ,0.67719,3.38596
42 ,21186 ,0.71648,3.58239
43 ,21691 ,0.74995,3.74977
44 ,22195 ,0.58855,2.94276
45 ,22699 ,0.51674,2.58371
46 ,23204 ,0.62148,3.10740
47 ,23708 ,0.49844,2.49219
48 ,24213 ,0.43773,2.18867
49 ,24718 ,0.38302,1.91509
50 ,25222 ,0.45808,2.29041
51 ,25729 ,0.45401,2.27006
52 ,26234 ,0.51686,2.58432
53 ,26738 ,0.50518,2.52592
54 ,27242 ,0.47380,2.36898
55 ,27746 ,0.59475,2.97375
56 ,28250 ,0.50090,2.50452
57 ,28754 ,0.42991,2.14955
58 ,29259 ,0.62741,3.13707
59 ,29764 ,0.43061,2.15305
60 ,30268 ,0.42052,2.10259
61 ,30772 ,0.39773,1.98865
62 ,31276 ,0.42415,2.12075
63 ,31781 ,0.32555,1.62773
64 ,32285 ,0.39707,1.98535
65 ,32789 ,0.35879,1.79395
66 ,33293 ,0.35547,1.77736
67 ,33797 ,0.39122,1.95610
68 ,34301 ,0.47761,2.38807
69 ,34809 ,0.46852,2.34261
70 ,35313 ,0.38795,1.93976
71 ,35818 ,0.30514,1.52569
72 ,36322 ,0.31760,1.58798
73 ,36826 ,0.33218,1.66091
74 ,37330 ,0.35691,1.78456
75 ,37834 ,0.27553,1.37765
76 ,38340 ,0.34810,1.74052
77 ,38844 ,0.32304,1.61521
78 ,39348 ,0.26689,1.33443
79 ,39852 ,0.34157,1.70787
80 ,40357 ,0.35917,1.79583
81 ,40861 ,0.37927,1.89635
82 ,41365 ,0.31997,1.59987
83 ,41869 ,0.30927,1.54635
84 ,42373 ,0.30382,1.51911
85 ,42877 ,0.31165,1.55824
86 ,43382 ,0.31238,1.56190
87 ,43887 ,0.27515,1.37577
88 ,44394 ,0.22632,1.13159
89 ,44899 ,0.24591,1.22956
90 ,45403 ,0.22087,1.10435
91 ,45907 ,0.20353,1.01765
92 ,46411 ,0.19527,0.97633
93 ,46916 ,0.20339,1.01696
94 ,47421 ,0.22939,1.14693
95 ,47925 ,0.19915,0.99573
96 ,48430 ,0.21511,1.07556
97 ,48934 ,0.19752,0.98760
98 ,49438 ,0.19952,0.99760
99 ,49943 ,0.19771,0.98853
100 ,50447 ,0.19833,0.99167
101 ,50952 ,0.19959,0.99793
102 ,51456 ,0.21054,1.05270
103 ,51962 ,0.19877,0.99385
104 ,52466 ,0.28421,1.42106
105 ,52971 ,0.38095,1.90476
106 ,53477 ,0.39917,1.99585
107 ,53981 ,0.60464,3.02320
108 ,54485 ,0.38327,1.91634
109 ,54991 ,0.35853,1.79267

sample ID, execution time, extra probe , dut probe
1 ,505 ,0.24911,1.24555
2 ,1011 ,0.30470,1.52348
3 ,1514 ,0.42221,2.11105
4 ,2018 ,0.33425,1.67124
5 ,2522 ,0.37294,1.86469
6 ,3027 ,0.25386,1.26932
7 ,3530 ,0.26801,1.34006
8 ,4034 ,0.23189,1.15945
9 ,4538 ,0.33963,1.69816
10 ,5042 ,0.56313,2.81567
11 ,5546 ,0.56320,2.81598
12 ,6050 ,0.48589,2.42943
13 ,6555 ,0.44672,2.23362
14 ,7062 ,0.43993,2.19963
15 ,7567 ,0.44004,2.20021
16 ,8071 ,0.36662,1.83308
17 ,8575 ,0.35973,1.79864
18 ,9079 ,0.44554,2.22769
19 ,9583 ,0.57503,2.87514
20 ,10087 ,0.67426,3.37129
21 ,10591 ,0.54135,2.70673
22 ,11095 ,0.27327,1.36636
23 ,11600 ,0.35223,1.76113
24 ,12105 ,0.41450,2.07248
25 ,12609 ,0.25706,1.28528
26 ,13113 ,0.32555,1.62773
27 ,13617 ,0.48769,2.43847
28 ,14121 ,0.74331,3.71656
29 ,14625 ,0.66483,3.32413
30 ,15129 ,0.67169,3.35846
31 ,15633 ,0.69392,3.46958
32 ,16140 ,0.78474,3.92372
33 ,16644 ,0.68359,3.41793
34 ,17149 ,0.80073,4.00366
35 ,17653 ,0.67651,3.38253
36 ,18157 ,0.68340,3.41699
37 ,18661 ,0.62649,3.13245
38 ,19166 ,0.76013,3.80067
39 ,19671 ,0.77918,3.89592
40 ,20176 ,0.73114,3.65572
41 ,20681 ,0.76388,3.81941
42 ,21186 ,0.67163,3.35817
43 ,21690 ,0.64389,3.21947
44 ,22194 ,0.52075,2.60375
45 ,22698 ,0.46829,2.34143
46 ,23202 ,0.48251,2.41256
47 ,23708 ,0.48688,2.43442
48 ,24212 ,0.45038,2.25191
49 ,24716 ,0.36317,1.81586
50 ,25220 ,0.40424,2.02121
51 ,25727 ,0.44099,2.20495
52 ,26231 ,0.46777,2.33886
53 ,26735 ,0.39447,1.97237
54 ,27240 ,0.34683,1.73416
55 ,27744 ,0.45389,2.26944
56 ,28248 ,0.42183,2.10917
57 ,28752 ,0.43361,2.16804
58 ,29258 ,0.52954,2.64771
59 ,29763 ,0.35023,1.75114
60 ,30267 ,0.36492,1.82462
61 ,30771 ,0.34545,1.72727
62 ,31275 ,0.37250,1.86250
63 ,31780 ,0.38870,1.94351
64 ,32285 ,0.36378,1.81891
65 ,32789 ,0.39961,1.99804
66 ,33293 ,0.35140,1.75701
67 ,33797 ,0.33857,1.69284
68 ,34302 ,0.42421,2.12106
69 ,34808 ,0.44766,2.23831
70 ,35314 ,0.44279,2.21395
71 ,35818 ,0.38389,1.91947
72 ,36322 ,0.36643,1.83214
73 ,36826 ,0.35566,1.77830
74 ,37330 ,0.46140,2.30700
75 ,37835 ,0.33162,1.65808
76 ,38339 ,0.30445,1.52224
77 ,38843 ,0.34114,1.70568
78 ,39347 ,0.40994,2.04969
79 ,39852 ,0.38997,1.94984
80 ,40356 ,0.37677,1.88386
81 ,40861 ,0.32643,1.63216
82 ,41365 ,0.28310,1.41550
83 ,41869 ,0.32342,1.61709
84 ,42374 ,0.29900,1.49501
85 ,42878 ,0.25612,1.28059
86 ,43382 ,0.22213,1.11064
87 ,43891 ,0.19827,0.99135
88 ,44395 ,0.19721,0.98603
89 ,44899 ,0.20941,1.04707
90 ,45404 ,0.19113,0.95567
91 ,45908 ,0.18813,0.94064
92 ,46413 ,0.19277,0.96387
93 ,46918 ,0.21407,1.07036
94 ,47423 ,0.21179,1.05897
95 ,47927 ,0.20221,1.01107
96 ,48431 ,0.19289,0.96443
97 ,48936 ,0.18863,0.94315
98 ,49440 ,0.19271,0.96356
99 ,49945 ,0.20328,1.01639
100 ,50449 ,0.22150,1.10748
101 ,50954 ,0.19195,0.95974
102 ,51458 ,0.21129,1.05646
103 ,51963 ,0.19446,0.97230
104 ,52468 ,0.18703,0.93514
105 ,52975 ,0.18256,0.91278
106 ,53479 ,0.36568,1.82838
107 ,53983 ,0.39479,1.97394
108 ,54489 ,0.53897,2.69487
109 ,54994 ,0.50025,2.50125
110 ,55499 ,0.31132,1.55659

sample ID, execution time, extra probe , dut probe
1 ,505 ,0.30532,1.52662
2 ,1009 ,0.28548,1.42740
3 ,1513 ,0.32179,1.60895
4 ,2017 ,0.33287,1.66436
5 ,2521 ,0.33892,1.69462
6 ,3026 ,0.38483,1.92415
7 ,3530 ,0.37194,1.85968
8 ,4034 ,0.34821,1.74105
9 ,4538 ,0.49946,2.49732
10 ,5042 ,0.62860,3.14300
11 ,5547 ,0.55584,2.77919
12 ,6054 ,0.44143,2.20714
13 ,6558 ,0.42766,2.13828
14 ,7062 ,0.53534,2.67668
15 ,7566 ,0.46309,2.31545
16 ,8070 ,0.45909,2.29545
17 ,8575 ,0.48870,2.44348
18 ,9079 ,0.51612,2.58058
19 ,9583 ,0.53446,2.67230
20 ,10087 ,0.68427,3.42137
21 ,10592 ,0.74508,3.72541
22 ,11096 ,0.42287,2.11433
23 ,11600 ,0.49377,2.46883
24 ,12104 ,0.39798,1.98990
25 ,12609 ,0.25236,1.26181
26 ,13113 ,0.20816,1.04081
27 ,13617 ,0.44135,2.20677
28 ,14122 ,0.68662,3.43312
29 ,14626 ,0.53596,2.67981
30 ,15131 ,0.61610,3.08049
31 ,15637 ,0.55762,2.78812
32 ,16141 ,0.64634,3.23168
33 ,16645 ,0.73172,3.65859
34 ,17150 ,0.55140,2.75702
35 ,17654 ,0.61265,3.06327
36 ,18158 ,0.56163,2.80816
37 ,18662 ,0.60308,3.01538
38 ,19166 ,0.56207,2.81034
39 ,19670 ,0.52779,2.63897
40 ,20174 ,0.60696,3.03478
41 ,20678 ,0.50591,2.52956
42 ,21182 ,0.60376,3.01882
43 ,21686 ,0.59594,2.97969
44 ,22191 ,0.54297,2.71486
45 ,22696 ,0.52111,2.60556
46 ,23200 ,0.44262,2.21309
47 ,23704 ,0.31622,1.58109
48 ,24209 ,0.30270,1.51348
49 ,24715 ,0.29487,1.47435
50 ,25220 ,0.30089,1.50443
51 ,25725 ,0.30613,1.53067
52 ,26229 ,0.30952,1.54760
53 ,26733 ,0.32317,1.61584
54 ,27238 ,0.32511,1.62554
55 ,27742 ,0.31296,1.56481
56 ,28246 ,0.26485,1.32425
57 ,28750 ,0.49934,2.49670
58 ,29256 ,0.40806,2.04032
59 ,29760 ,0.28404,1.42020
60 ,30264 ,0.25975,1.29874
61 ,30769 ,0.25504,1.27522
62 ,31274 ,0.24130,1.20651
63 ,31779 ,0.24097,1.20484
64 ,32283 ,0.25199,1.25993
65 ,32787 ,0.27352,1.36761
66 ,33291 ,0.27290,1.36448
67 ,33798 ,0.27572,1.37858
68 ,34303 ,0.25061,1.25304
69 ,34807 ,0.26250,1.31252
70 ,35311 ,0.27697,1.38483
71 ,35816 ,0.26156,1.30782
72 ,36320 ,0.28135,1.40674
73 ,36824 ,0.28527,1.42636
74 ,37329 ,0.25699,1.28497
75 ,37833 ,0.25092,1.25461
76 ,38337 ,0.19307,0.96537
77 ,38842 ,0.18900,0.94502
78 ,39346 ,0.20021,1.00103
79 ,39852 ,0.24580,1.22900
80 ,40356 ,0.19057,0.95285
81 ,40860 ,0.23577,1.17885
82 ,41365 ,0.18800,0.94002
83 ,41869 ,0.18825,0.94127
84 ,42374 ,0.19558,0.97792
85 ,42879 ,0.19040,0.95200
86 ,43386 ,0.21110,1.05552
87 ,43891 ,0.18794,0.93970
88 ,44395 ,0.18663,0.93313
89 ,44899 ,0.19239,0.96193
90 ,45403 ,0.18475,0.92374
91 ,45908 ,0.18928,0.94638
92 ,46413 ,0.19113,0.95567
93 ,46917 ,0.22250,1.11249
94 ,47421 ,0.26238,1.31189
95 ,47926 ,0.18957,0.94784
96 ,48430 ,0.18353,0.91765
97 ,48935 ,0.18575,0.92875
98 ,49439 ,0.20221,1.01107
99 ,49943 ,0.18005,0.90026
100 ,50448 ,0.20353,1.01765
101 ,50953 ,0.19140,0.95700
102 ,51457 ,0.19289,0.96443
103 ,51961 ,0.17911,0.89557
104 ,52468 ,0.22375,1.11875
105 ,52973 ,0.18894,0.94471
106 ,53477 ,0.18800,0.94002
107 ,53983 ,0.23774,1.18871
108 ,54487 ,0.18953,0.94763
109 ,54992 ,0.28122,1.40611
110 ,55496 ,0.36918,1.84591
111 ,56000 ,0.41376,2.06879
112 ,56504 ,0.57346,2.86732
113 ,57009 ,0.38795,1.93976
114 ,57514 ,0.37552,1.87762
115 ,58018 ,0.38189,1.90946
116 ,58523 ,0.28811,1.44054

sample ID, execution time, extra probe , dut probe
1 ,505 ,0.21279,1.06397
2 ,1009 ,0.21123,1.05615
3 ,1514 ,0.21098,1.05490
4 ,2018 ,0.24785,1.23927
5 ,2522 ,0.35185,1.75926
6 ,3027 ,0.21126,1.05631
7 ,3531 ,0.20966,1.04832
8 ,4036 ,0.20578,1.02892
9 ,4540 ,0.33826,1.69128
10 ,5044 ,0.48256,2.41280
11 ,5548 ,0.38670,1.93352
12 ,6052 ,0.35378,1.76891
13 ,6556 ,0.32955,1.64777
14 ,7060 ,0.40086,2.00430
15 ,7564 ,0.38928,1.94639
16 ,8069 ,0.33455,1.67276
17 ,8574 ,0.32275,1.61373
18 ,9082 ,0.33218,1.66089
19 ,9586 ,0.45345,2.26724
20 ,10090 ,0.61535,3.07673
21 ,10594 ,0.47129,2.35646
22 ,11098 ,0.24936,1.24680
23 ,11604 ,0.34248,1.71242
24 ,12108 ,0.34351,1.71757
25 ,12612 ,0.22876,1.14380
26 ,13117 ,0.23208,1.16039
27 ,13621 ,0.37294,1.86469
28 ,14125 ,0.65021,3.25105
29 ,14629 ,0.57547,2.87733
30 ,15133 ,0.57603,2.88015
31 ,15637 ,0.56633,2.83163
32 ,16141 ,0.69179,3.45893
33 ,16645 ,0.64172,3.20858
34 ,17150 ,0.65696,3.28478
35 ,17654 ,0.59362,2.96811
36 ,18161 ,0.66562,3.32809
37 ,18665 ,0.59343,2.96717
38 ,19169 ,0.60965,3.04825
39 ,19673 ,0.63316,3.16580
40 ,20178 ,0.58757,2.93783
41 ,20682 ,0.67720,3.38600
42 ,21187 ,0.64746,3.23731
43 ,21691 ,0.52745,2.63724
44 ,22195 ,0.56589,2.82944
45 ,22699 ,0.30582,1.52911
46 ,23203 ,0.29681,1.48405
47 ,23708 ,0.31753,1.58767
48 ,24212 ,0.30057,1.50284
49 ,24716 ,0.30226,1.51129
50 ,25220 ,0.29339,1.46696
51 ,25726 ,0.31700,1.58501
52 ,26230 ,0.30144,1.50722
53 ,26734 ,0.31747,1.58735
54 ,27241 ,0.31378,1.56888
55 ,27745 ,0.31315,1.56575
56 ,28250 ,0.28409,1.42043
57 ,28755 ,0.26554,1.32768
58 ,29259 ,0.46322,2.31608
59 ,29764 ,0.27571,1.37856
60 ,30268 ,0.27208,1.36041
61 ,30772 ,0.28097,1.40486
62 ,31277 ,0.25242,1.26210
63 ,31781 ,0.25543,1.27714
64 ,32285 ,0.27590,1.37950
65 ,32790 ,0.25724,1.28622
66 ,33294 ,0.27640,1.38201
67 ,33798 ,0.33224,1.66120
68 ,34304 ,0.30420,1.52099
69 ,34808 ,0.35341,1.76703
70 ,35312 ,0.30119,1.50597
71 ,35816 ,0.23108,1.15538
72 ,36321 ,0.18694,0.93469
73 ,36827 ,0.18957,0.94784
74 ,37332 ,0.24605,1.23025
75 ,37837 ,0.21317,1.06585
76 ,38341 ,0.19176,0.95880
77 ,38845 ,0.23308,1.16539
78 ,39350 ,0.18813,0.94064
79 ,39854 ,0.19365,0.96824
80 ,40360 ,0.18884,0.94420
81 ,40864 ,0.18268,0.91341
82 ,41368 ,0.19001,0.95003
83 ,41873 ,0.18469,0.92343
84 ,42377 ,0.18137,0.90684
85 ,42882 ,0.20227,1.01134
86 ,43386 ,0.19708,0.98540
87 ,43890 ,0.21405,1.07023
88 ,44395 ,0.18769,0.93845
89 ,44899 ,0.18951,0.94753
90 ,45404 ,0.22257,1.11283
91 ,45912 ,0.22906,1.14531
92 ,46416 ,0.22500,1.12501
93 ,46920 ,0.18287,0.91435
94 ,47425 ,0.18669,0.93344
95 ,47929 ,0.18256,0.91278
96 ,48435 ,0.19415,0.97074
97 ,48939 ,0.19053,0.95263
98 ,49444 ,0.19019,0.95097
99 ,49948 ,0.18287,0.91435
100 ,50453 ,0.19364,0.96819
101 ,50957 ,0.17999,0.89995
102 ,51462 ,0.22837,1.14187
103 ,51967 ,0.20976,1.04881
104 ,52471 ,0.37250,1.86250
105 ,52975 ,0.40092,2.00462
106 ,53480 ,0.56958,2.84791
107 ,53984 ,0.45176,2.25879
108 ,54488 ,0.39389,1.96943
109 ,54996 ,0.44622,2.23112
110 ,55500 ,0.34927,1.74637
111 ,56005 ,0.37964,1.89819
112 ,56509 ,0.51925,2.59624

sample ID, execution time, extra probe , dut probe
1 ,505 ,0.23151,1.15757
2 ,1009 ,0.31716,1.58579
3 ,1513 ,0.37576,1.87878
4 ,2017 ,0.40513,2.02564
5 ,2522 ,0.36116,1.80579
6 ,3027 ,0.27603,1.38013
7 ,3531 ,0.22194,1.10968
8 ,4035 ,0.25693,1.28466
9 ,4539 ,0.35328,1.76640
10 ,5043 ,0.56758,2.83790
11 ,5547 ,0.56395,2.81974
12 ,6051 ,0.49508,2.47541
13 ,6555 ,0.44406,2.22029
14 ,7062 ,0.43273,2.16363
15 ,7567 ,0.41812,2.09059
16 ,8071 ,0.36909,1.84545
17 ,8575 ,0.39685,1.98427
18 ,9079 ,0.57021,2.85104
19 ,9583 ,0.54736,2.73678
20 ,10087 ,0.67357,3.36785
21 ,10591 ,0.53023,2.65115
22 ,11097 ,0.38233,1.91165
23 ,11602 ,0.44466,2.22332
24 ,12106 ,0.44806,2.24032
25 ,12610 ,0.34733,1.73666
26 ,13114 ,0.34596,1.72978
27 ,13618 ,0.39663,1.98317
28 ,14122 ,0.72422,3.62108
29 ,14626 ,0.68071,3.40353
30 ,15130 ,0.65422,3.27112
31 ,15635 ,0.76801,3.84003
32 ,16141 ,0.79286,3.96432
33 ,16646 ,0.78537,3.92684
34 ,17151 ,0.76469,3.82347
35 ,17655 ,0.81660,4.08298
36 ,18159 ,0.78920,3.94600
37 ,18664 ,0.82621,4.13107
38 ,19168 ,0.75920,3.79599
39 ,19674 ,0.82000,4.09999
40 ,20179 ,0.67007,3.35036
41 ,20683 ,0.63820,3.19099
42 ,21187 ,0.51731,2.58653
43 ,21691 ,0.51061,2.55304
44 ,22195 ,0.57226,2.86132
45 ,22699 ,0.57215,2.86074
46 ,23203 ,0.45107,2.25535
47 ,23707 ,0.37920,1.89600
48 ,24211 ,0.41413,2.07066
49 ,24716 ,0.33880,1.69399
50 ,25221 ,0.48176,2.40882
51 ,25728 ,0.44781,2.23907
52 ,26232 ,0.44268,2.21341
53 ,26736 ,0.36705,1.83527
54 ,27240 ,0.37864,1.89318
55 ,27745 ,0.48139,2.40694
56 ,28250 ,0.47246,2.36229
57 ,28754 ,0.37162,1.85812
58 ,29258 ,0.58417,2.92084
59 ,29762 ,0.34295,1.71475
60 ,30266 ,0.51117,2.55586
61 ,30771 ,0.46983,2.34917
62 ,31275 ,0.47893,2.39465
63 ,31779 ,0.41132,2.05658
64 ,32283 ,0.40418,2.02089
65 ,32787 ,0.37832,1.89161
66 ,33292 ,0.33168,1.65839
67 ,33797 ,0.26997,1.34985
68 ,34301 ,0.28122,1.40611
69 ,34808 ,0.29969,1.49845
70 ,35312 ,0.31741,1.58704
71 ,35817 ,0.27121,1.35603
72 ,36321 ,0.46359,2.31794
73 ,36826 ,0.38071,1.90354
74 ,37331 ,0.44093,2.20464
75 ,37836 ,0.39170,1.95850
76 ,38340 ,0.34276,1.71381
77 ,38844 ,0.29731,1.48656
78 ,39348 ,0.29995,1.49975
79 ,39853 ,0.26050,1.30250
80 ,40357 ,0.23508,1.17541
81 ,40861 ,0.18512,0.92562
82 ,41366 ,0.18788,0.93939
83 ,41871 ,0.19034,0.95169
84 ,42375 ,0.19120,0.95598
85 ,42879 ,0.19013,0.95066
86 ,43383 ,0.22751,1.13753
87 ,43890 ,0.19339,0.96694
88 ,44395 ,0.18544,0.92718
89 ,44900 ,0.20245,1.01227
90 ,45405 ,0.21189,1.05943
91 ,45909 ,0.22845,1.14223
92 ,46414 ,0.18656,0.93282
93 ,46918 ,0.19188,0.95942
94 ,47422 ,0.20772,1.03862
95 ,47927 ,0.18971,0.94857
96 ,48432 ,0.19914,0.99572
97 ,48937 ,0.18656,0.93282
98 ,49441 ,0.25474,1.27370
99 ,49945 ,0.39585,1.97926
100 ,50449 ,0.39710,1.98552
101 ,50954 ,0.57957,2.89786
102 ,51459 ,0.39101,1.95506
103 ,51963 ,0.34301,1.71507

sample ID, execution time, extra probe , dut probe
1 ,508 ,0.39913,1.99566
2 ,1012 ,0.34946,1.74731
3 ,1516 ,0.25843,1.29217
4 ,2021 ,0.27515,1.37575
5 ,2525 ,0.38152,1.90758
6 ,3029 ,0.39776,1.98879
7 ,3533 ,0.31415,1.57076
8 ,4037 ,0.27333,1.36667
9 ,4541 ,0.40750,2.03748
10 ,5045 ,0.43686,2.18429
11 ,5549 ,0.46446,2.32231
12 ,6055 ,0.54285,2.71423
13 ,6560 ,0.49213,2.46065
14 ,7064 ,0.57634,2.88172
15 ,7568 ,0.44193,2.20965
16 ,8072 ,0.45401,2.27006
17 ,8576 ,0.44560,2.22800
18 ,9080 ,0.50491,2.52455
19 ,9584 ,0.54967,2.74837
20 ,10092 ,0.67625,3.38127
21 ,10596 ,0.44400,2.21998
22 ,11100 ,0.32598,1.62992
23 ,11604 ,0.49463,2.47315
24 ,12108 ,0.43680,2.18398
25 ,12612 ,0.36136,1.80678
26 ,13117 ,0.28855,1.44273
27 ,13622 ,0.53460,2.67301
28 ,14126 ,0.65059,3.25293
29 ,14631 ,0.64534,3.22669
30 ,15135 ,0.70587,3.52937
31 ,15640 ,0.74165,3.70824
32 ,16144 ,0.76825,3.84127
33 ,16648 ,0.72566,3.62828
34 ,17152 ,0.94164,4.70818
35 ,17656 ,0.75064,3.75318
36 ,18160 ,0.79277,3.96385
37 ,18665 ,0.70730,3.53648
38 ,19171 ,0.79740,3.98701
39 ,19675 ,0.72440,3.62202
40 ,20180 ,0.81078,4.05388
41 ,20685 ,0.66864,3.34318
42 ,21189 ,0.60639,3.03197
43 ,21694 ,0.60774,3.03870
44 ,22198 ,0.57234,2.86168
45 ,22702 ,0.42905,2.14525
46 ,23208 ,0.34648,1.73240
47 ,23712 ,0.42866,2.14329
48 ,24216 ,0.44587,2.22937
49 ,24720 ,0.50572,2.52862
50 ,25224 ,0.37162,1.85812
51 ,25729 ,0.35935,1.79673
52 ,26234 ,0.48532,2.42662
53 ,26738 ,0.49865,2.49325
54 ,27242 ,0.44575,2.22874
55 ,27746 ,0.47023,2.35114
56 ,28253 ,0.47217,2.36084
57 ,28757 ,0.32550,1.62748
58 ,29261 ,0.60007,3.00035
59 ,29765 ,0.43579,2.17897
60 ,30269 ,0.47530,2.37649
61 ,30773 ,0.44600,2.23000
62 ,31278 ,0.38458,1.92290
63 ,31783 ,0.37059,1.85295
64 ,32287 ,0.42165,2.10823
65 ,32791 ,0.36787,1.83934
66 ,33295 ,0.32148,1.60739
67 ,33801 ,0.46777,2.33886
68 ,34305 ,0.44173,2.20864
69 ,34810 ,0.37796,1.88980
70 ,35314 ,0.28717,1.43585
71 ,35819 ,0.32223,1.61114
72 ,36323 ,0.33606,1.68032
73 ,36827 ,0.32711,1.63556
74 ,37331 ,0.28733,1.43667
75 ,37840 ,0.27797,1.38983
76 ,38344 ,0.21173,1.05865
77 ,38848 ,0.19451,0.97257
78 ,39353 ,0.23514,1.17572
79 ,39857 ,0.19251,0.96255
80 ,40362 ,0.19315,0.96574
81 ,40866 ,0.19433,0.97163
82 ,41371 ,0.21367,1.06836
83 ,41875 ,0.20466,1.02328
84 ,42379 ,0.20259,1.01295
85 ,42884 ,0.18059,0.90297
86 ,43389 ,0.18684,0.93420
87 ,43894 ,0.18575,0.92875
88 ,44398 ,0.22356,1.11781
89 ,44903 ,0.19107,0.95535
90 ,45407 ,0.19345,0.96725
91 ,45911 ,0.18634,0.93170
92 ,46416 ,0.18744,0.93720
93 ,46922 ,0.21962,1.09809
94 ,47426 ,0.18522,0.92609
95 ,47930 ,0.18155,0.90777
96 ,48434 ,0.19401,0.97007
97 ,48938 ,0.20541,1.02704
98 ,49442 ,0.18731,0.93657
99 ,49947 ,0.19564,0.97821
100 ,50451 ,0.35860,1.79301
101 ,50955 ,0.39072,1.95359
102 ,51459 ,0.53979,2.69893
103 ,51965 ,0.43198,2.15992
104 ,52469 ,0.32573,1.62867
105 ,52973 ,0.40919,2.04594

sample ID, execution time, extra probe , dut probe
1 ,506 ,0.31669,1.58344
2 ,1010 ,0.34867,1.74333
3 ,1515 ,0.29458,1.47289
4 ,2022 ,0.32229,1.61146
5 ,2527 ,0.37046,1.85232
6 ,3031 ,0.29825,1.49125
7 ,3535 ,0.27477,1.37387
8 ,4039 ,0.39807,1.99035
9 ,4544 ,0.43436,2.17179
10 ,5048 ,0.57966,2.89831
11 ,5552 ,0.50378,2.51892
12 ,6056 ,0.46353,2.31764
13 ,6562 ,0.44029,2.20146
14 ,7067 ,0.54571,2.72855
15 ,7571 ,0.52626,2.63129
16 ,8075 ,0.44969,2.24846
17 ,8579 ,0.45001,2.25003
18 ,9083 ,0.45808,2.29041
19 ,9587 ,0.49257,2.46284
20 ,10092 ,0.59381,2.96906
21 ,10596 ,0.60182,3.00912
22 ,11100 ,0.45038,2.25191
23 ,11607 ,0.51718,2.58591
24 ,12111 ,0.55499,2.77497
25 ,12615 ,0.35785,1.78924
26 ,13121 ,0.46696,2.33480
27 ,13626 ,0.50406,2.52030
28 ,14131 ,0.72585,3.62923
29 ,14636 ,0.64240,3.21202
30 ,15141 ,0.62729,3.13644
31 ,15645 ,0.67413,3.37066
32 ,16150 ,0.74202,3.71011
33 ,16655 ,0.73091,3.65453
34 ,17160 ,0.71923,3.59613
35 ,17665 ,0.72360,3.61799
36 ,18169 ,0.74377,3.71886
37 ,18675 ,0.72429,3.62145
38 ,19181 ,0.76348,3.81741
39 ,19686 ,0.68594,3.42968
40 ,20191 ,0.69836,3.49182
41 ,20695 ,0.62442,3.12212
42 ,21201 ,0.67664,3.38318
43 ,21705 ,0.59181,2.95906
44 ,22211 ,0.45834,2.29171
45 ,22715 ,0.43655,2.18273
46 ,23219 ,0.36230,1.81148
47 ,23723 ,0.31960,1.59800
48 ,24227 ,0.31565,1.57827
49 ,24732 ,0.32393,1.61967
50 ,25236 ,0.31709,1.58547
51 ,25740 ,0.31184,1.55918
52 ,26244 ,0.37000,1.84998
53 ,26748 ,0.41808,2.09039
54 ,27253 ,0.40688,2.03438
55 ,27758 ,0.39820,1.99098
56 ,28262 ,0.34558,1.72790
57 ,28766 ,0.24886,1.24428
58 ,29271 ,0.45157,2.25785
59 ,29775 ,0.29318,1.46590
60 ,30281 ,0.26019,1.30093
61 ,30786 ,0.28084,1.40419
62 ,31290 ,0.27621,1.38107
63 ,31795 ,0.30019,1.50096
64 ,32299 ,0.26889,1.34444
65 ,32803 ,0.28279,1.41394
66 ,33308 ,0.30326,1.51630
67 ,33812 ,0.33112,1.65559
68 ,34316 ,0.24710,1.23551
69 ,34820 ,0.27678,1.38389
70 ,35325 ,0.27434,1.37168
71 ,35829 ,0.20658,1.03288
72 ,36335 ,0.18715,0.93576
73 ,36839 ,0.20747,1.03737
74 ,37343 ,0.24641,1.23207
75 ,37848 ,0.19877,0.99386
76 ,38352 ,0.23045,1.15225
77 ,38857 ,0.18971,0.94857
78 ,39365 ,0.19115,0.95575
79 ,39869 ,0.19007,0.95035
80 ,40373 ,0.19057,0.95285
81 ,40878 ,0.19445,0.97226
82 ,41382 ,0.18869,0.94346
83 ,41887 ,0.18653,0.93264
84 ,42392 ,0.19302,0.96512
85 ,42897 ,0.21292,1.06460
86 ,43401 ,0.26444,1.32222
87 ,43905 ,0.19207,0.96036
88 ,44410 ,0.18982,0.94909
89 ,44914 ,0.23062,1.15311
90 ,45420 ,0.18934,0.94669
91 ,45924 ,0.21449,1.07243
92 ,46428 ,0.23477,1.17385
93 ,46933 ,0.20109,1.00544
94 ,47437 ,0.19126,0.95629
95 ,47942 ,0.19065,0.95325
96 ,48449 ,0.18443,0.92217
97 ,48953 ,0.18938,0.94690
98 ,49457 ,0.18638,0.93188
99 ,49962 ,0.19044,0.95222
100 ,50466 ,0.18650,0.93250
101 ,50971 ,0.20527,1.02633
102 ,51475 ,0.36305,1.81523
103 ,51979 ,0.40061,2.00305
104 ,52483 ,0.57709,2.88547
105 ,52987 ,0.42277,2.11386
106 ,53492 ,0.34273,1.71367
107 ,53997 ,0.41169,2.05843
108 ,54502 ,0.33450,1.67250

sample ID, execution time, extra probe , dut probe
1 ,505 ,0.21586,1.07931
2 ,1009 ,0.22300,1.11500
3 ,1513 ,0.21355,1.06773
4 ,2018 ,0.26310,1.31550
5 ,2525 ,0.22669,1.13344
6 ,3030 ,0.19783,0.98916
7 ,3534 ,0.22544,1.12720
8 ,4038 ,0.22901,1.14505
9 ,4542 ,0.42302,2.11512
10 ,5047 ,0.45197,2.25985
11 ,5551 ,0.39041,1.95203
12 ,6055 ,0.33938,1.69691
13 ,6559 ,0.32060,1.60300
14 ,7063 ,0.44143,2.20714
15 ,7567 ,0.34255,1.71273
16 ,8073 ,0.33174,1.65870
17 ,8577 ,0.34733,1.73667
18 ,9081 ,0.37995,1.89975
19 ,9585 ,0.44337,2.21685
20 ,10089 ,0.64252,3.21258
21 ,10593 ,0.38876,1.94382
22 ,11098 ,0.20816,1.04081
23 ,11602 ,0.39673,1.98364
24 ,12108 ,0.32799,1.63994
25 ,12613 ,0.26970,1.34851
26 ,13117 ,0.21449,1.07243
27 ,13622 ,0.43398,2.16992
28 ,14127 ,0.67020,3.35098
29 ,14632 ,0.60099,3.00497
30 ,15137 ,0.56621,2.83103
31 ,15641 ,0.69930,3.49650
32 ,16146 ,0.69249,3.46247
33 ,16650 ,0.71310,3.56552
34 ,17154 ,0.64008,3.20038
35 ,17658 ,0.68816,3.44078
36 ,18163 ,0.64459,3.22295
37 ,18667 ,0.60508,3.02540
38 ,19171 ,0.62086,3.10428
39 ,19676 ,0.67532,3.37659
40 ,20180 ,0.57891,2.89455
41 ,20684 ,0.46991,2.34957
42 ,21191 ,0.44756,2.23782
43 ,21695 ,0.32667,1.63337
44 ,22199 ,0.42842,2.14212
45 ,22705 ,0.40051,2.00253
46 ,23209 ,0.39059,1.95297
47 ,23713 ,0.35341,1.76703
48 ,24217 ,0.32467,1.62335
49 ,24721 ,0.30921,1.54603
50 ,25226 ,0.31150,1.55752
51 ,25730 ,0.31127,1.55636
52 ,26234 ,0.30376,1.51880
53 ,26738 ,0.29681,1.48405
54 ,27243 ,0.31609,1.58047
55 ,27747 ,0.31513,1.57564
56 ,28253 ,0.25173,1.25867
57 ,28758 ,0.58376,2.91878
58 ,29262 ,0.27452,1.37262
59 ,29766 ,0.28792,1.43960
60 ,30273 ,0.25430,1.27151
61 ,30777 ,0.26666,1.33330
62 ,31282 ,0.25843,1.29217
63 ,31786 ,0.29556,1.47779
64 ,32290 ,0.26977,1.34883
65 ,32795 ,0.29462,1.47310
66 ,33299 ,0.27070,1.35352
67 ,33803 ,0.27072,1.35360
68 ,34308 ,0.36386,1.81930
69 ,34812 ,0.31847,1.59236
70 ,35316 ,0.21912,1.09559
71 ,35821 ,0.18537,0.92687
72 ,36325 ,0.19715,0.98573
73 ,36831 ,0.29520,1.47602
74 ,37335 ,0.19940,0.99699
75 ,37839 ,0.21755,1.08776
76 ,38344 ,0.21179,1.05897
77 ,38848 ,0.19145,0.95723
78 ,39352 ,0.18640,0.93202
79 ,39861 ,0.19440,0.97199
80 ,40365 ,0.19552,0.97758
81 ,40869 ,0.19501,0.97507
82 ,41374 ,0.20259,1.01295
83 ,41878 ,0.19057,0.95285
84 ,42383 ,0.21276,1.06380
85 ,42888 ,0.20683,1.03413
86 ,43392 ,0.20904,1.04519
87 ,43897 ,0.19527,0.97633
88 ,44401 ,0.23978,1.19889
89 ,44906 ,0.21129,1.05646
90 ,45410 ,0.21232,1.06161
91 ,45916 ,0.22406,1.12032
92 ,46420 ,0.19589,0.97946
93 ,46924 ,0.18681,0.93407
94 ,47429 ,0.19433,0.97163
95 ,47933 ,0.19132,0.95661
96 ,48438 ,0.19265,0.96324
97 ,48946 ,0.19846,0.99229
98 ,49450 ,0.20747,1.03737
99 ,49954 ,0.18875,0.94377
100 ,50459 ,0.20071,1.00356
101 ,50963 ,0.19470,0.97351
102 ,51468 ,0.19071,0.95356
103 ,51973 ,0.32406,1.62029
104 ,52477 ,0.38095,1.90476
105 ,52982 ,0.45658,2.28290
106 ,53486 ,0.57384,2.86919
107 ,53991 ,0.32737,1.63684
108 ,54496 ,0.37808,1.89042
