
sample ID, execution time, extra probe , dut probe
1 ,519 ,0.20483,1.02414
2 ,1023 ,0.21380,1.06898
3 ,1527 ,0.20096,1.00481
4 ,2031 ,0.47311,2.36554
5 ,2536 ,0.60924,3.04619
6 ,3041 ,0.40700,2.03501
7 ,3545 ,0.34017,1.70086
8 ,4049 ,0.33594,1.67969
9 ,4553 ,0.31315,1.56575
10 ,5057 ,0.33412,1.67062
11 ,5561 ,0.31753,1.58766
12 ,6065 ,0.33249,1.66245
13 ,6571 ,0.35173,1.75864
14 ,7075 ,0.34195,1.70975
15 ,7580 ,0.29983,1.49913
16 ,8084 ,0.29424,1.47122
17 ,8588 ,0.36248,1.81242
18 ,9092 ,0.31769,1.58844
19 ,9600 ,0.31881,1.59406
20 ,10104 ,0.32943,1.64714
21 ,10608 ,0.31440,1.57201
22 ,11113 ,0.32555,1.62773
23 ,11617 ,0.33124,1.65622
24 ,12121 ,0.49569,2.47846
25 ,12625 ,0.52037,2.60187
26 ,13129 ,0.56507,2.82537
27 ,13633 ,0.46052,2.30262
28 ,14137 ,0.38997,1.94983
29 ,14642 ,0.36934,1.84670
30 ,15147 ,0.35860,1.79299
31 ,15651 ,0.38389,1.91947
32 ,16155 ,0.37181,1.85906
33 ,16661 ,0.36940,1.84701
34 ,17165 ,0.37551,1.87753
35 ,17669 ,0.35479,1.77394
36 ,18173 ,0.35140,1.75701
37 ,18680 ,0.35485,1.77423
38 ,19184 ,0.36680,1.83402
39 ,19688 ,0.35322,1.76609
40 ,20194 ,0.37346,1.86731
41 ,20698 ,0.37808,1.89042
42 ,21202 ,0.39397,1.96987
43 ,21706 ,0.38721,1.93606
44 ,22210 ,0.37068,1.85342
45 ,22715 ,0.37851,1.89255
46 ,23219 ,0.51605,2.58026
47 ,23724 ,0.43017,2.15087
48 ,24229 ,0.43341,2.16707
49 ,24734 ,0.48289,2.41444
50 ,25238 ,0.43748,2.18742
51 ,25742 ,0.52883,2.64413
52 ,26246 ,0.50668,2.53342
53 ,26751 ,0.52467,2.62336
54 ,27256 ,0.56176,2.80878
55 ,27762 ,0.55650,2.78249
56 ,28266 ,0.44544,2.22718
57 ,28770 ,0.39235,1.96173
58 ,29275 ,0.35997,1.79986
59 ,29779 ,0.36530,1.82650
60 ,30283 ,0.35998,1.79990
61 ,30787 ,0.36793,1.83965
62 ,31291 ,0.35028,1.75138
63 ,31796 ,0.36422,1.82109
64 ,32301 ,0.38639,1.93195
65 ,32805 ,0.37169,1.85843
66 ,33309 ,0.36323,1.81617
67 ,33813 ,0.40167,2.00837
68 ,34317 ,0.42478,2.12388
69 ,34821 ,0.41999,2.09996
70 ,35326 ,0.45458,2.27288
71 ,35830 ,0.43342,2.16708
72 ,36334 ,0.37388,1.86939
73 ,36838 ,0.42634,2.13171
74 ,37346 ,0.39745,1.98723
75 ,37850 ,0.37302,1.86512
76 ,38354 ,0.36906,1.84529
77 ,38858 ,0.41620,2.08099
78 ,39362 ,0.36611,1.83057
79 ,39868 ,0.37877,1.89386
80 ,40372 ,0.37808,1.89042
81 ,40877 ,0.37178,1.85888
82 ,41382 ,0.36712,1.83558
83 ,41887 ,0.37121,1.85607
84 ,42391 ,0.38759,1.93794
85 ,42895 ,0.36950,1.84748
86 ,43399 ,0.36922,1.84608
87 ,43905 ,0.39620,1.98098
88 ,44409 ,0.36530,1.82650
89 ,44913 ,0.46660,2.33298
90 ,45417 ,0.41989,2.09946
91 ,45921 ,0.36054,1.80271
92 ,46428 ,0.35166,1.75832
93 ,46933 ,0.32393,1.61967
94 ,47437 ,0.32292,1.61458
95 ,47942 ,0.30896,1.54478
96 ,48446 ,0.31365,1.56826
97 ,48950 ,0.31572,1.57859
98 ,49454 ,0.30370,1.51849
99 ,49959 ,0.30902,1.54509
100 ,50464 ,0.31001,1.55003
101 ,50968 ,0.30896,1.54478
102 ,51472 ,0.31309,1.56544
103 ,51977 ,0.31200,1.56002
104 ,52482 ,0.33168,1.65839
105 ,52986 ,0.29869,1.49344
106 ,53491 ,0.27834,1.39171
107 ,53995 ,0.31384,1.56920
108 ,54499 ,0.31265,1.56325
109 ,55004 ,0.30888,1.54441
110 ,55512 ,0.30938,1.54691
111 ,56016 ,0.31785,1.58923
112 ,56520 ,0.52895,2.64476
113 ,57024 ,0.47380,2.36898
114 ,57528 ,0.41670,2.08350
115 ,58033 ,0.37409,1.87043
116 ,58538 ,0.33593,1.67963
117 ,59043 ,0.35973,1.79864
118 ,59547 ,0.32711,1.63556
119 ,60051 ,0.31803,1.59017
120 ,60555 ,0.31935,1.59674
121 ,61060 ,0.31456,1.57282
122 ,61564 ,0.34658,1.73291
123 ,62068 ,0.33112,1.65559
124 ,62572 ,0.31904,1.59518
125 ,63078 ,0.31650,1.58251
126 ,63582 ,0.32218,1.61092
127 ,64090 ,0.33349,1.66745
128 ,64595 ,0.31472,1.57358
129 ,65099 ,0.32573,1.62867
130 ,65603 ,0.28911,1.44555
131 ,66107 ,0.32060,1.60300
132 ,66612 ,0.35110,1.75551
133 ,67117 ,0.38639,1.93195
134 ,67621 ,0.67319,3.36597
135 ,68125 ,0.45677,2.28383
136 ,68629 ,0.35290,1.76452
137 ,69135 ,0.34130,1.70648
138 ,69639 ,0.42643,2.13213
139 ,70145 ,0.53173,2.65865
140 ,70649 ,0.46378,2.31889
141 ,71153 ,0.36136,1.80678
142 ,71657 ,0.30232,1.51160
143 ,72162 ,0.31252,1.56262
144 ,72666 ,0.32999,1.64996
145 ,73174 ,0.29845,1.49226
146 ,73678 ,0.28535,1.42677
147 ,74183 ,0.29262,1.46308
148 ,74687 ,0.27540,1.37700
149 ,75191 ,0.28448,1.42239
150 ,75696 ,0.28209,1.41044
151 ,76200 ,0.28754,1.43772
152 ,76704 ,0.29418,1.47091
153 ,77209 ,0.28266,1.41331
154 ,77713 ,0.29099,1.45494
155 ,78219 ,0.42967,2.14837
156 ,78723 ,0.43723,2.18616
157 ,79227 ,0.42127,2.10635
158 ,79731 ,0.42346,2.11731
159 ,80236 ,0.38214,1.91071
160 ,80740 ,0.37269,1.86344
161 ,81244 ,0.36946,1.84732
162 ,81750 ,0.36953,1.84764
163 ,82257 ,0.35798,1.78988
164 ,82761 ,0.39360,1.96799
165 ,83265 ,0.36449,1.82243
166 ,83769 ,0.37081,1.85405
167 ,84274 ,0.35816,1.79080
168 ,84779 ,0.39132,1.95662
169 ,85283 ,0.37970,1.89850
170 ,85787 ,0.36762,1.83809
171 ,86292 ,0.38940,1.94702
172 ,86796 ,0.37939,1.89693
173 ,87300 ,0.38271,1.91353
174 ,87805 ,0.37801,1.89005
175 ,88309 ,0.35879,1.79395
176 ,88813 ,0.41445,2.07223
177 ,89317 ,0.49746,2.48730
178 ,89822 ,0.43442,2.17210
179 ,90327 ,0.41931,2.09653
180 ,90833 ,0.52225,2.61126
181 ,91338 ,0.39936,1.99679
182 ,91842 ,0.35760,1.78800
183 ,92346 ,0.33030,1.65152
184 ,92850 ,0.32318,1.61592
185 ,93356 ,0.32100,1.60499
186 ,93860 ,0.32448,1.62241
187 ,94364 ,0.31691,1.58453
188 ,94868 ,0.31966,1.59831
189 ,95373 ,0.30983,1.54916
190 ,95877 ,0.31850,1.59250
191 ,96381 ,0.30770,1.53852
192 ,96886 ,0.31847,1.59236
193 ,97390 ,0.30739,1.53695
194 ,97894 ,0.31465,1.57327
195 ,98399 ,0.32012,1.60062
196 ,98904 ,0.29608,1.48039
197 ,99408 ,0.28711,1.43553
198 ,99915 ,0.47148,2.35740
199 ,100419 ,0.60364,3.01820
200 ,100923 ,0.46322,2.31608
201 ,101428 ,0.47421,2.37103
202 ,101933 ,0.40325,2.01627
203 ,102438 ,0.32467,1.62335
204 ,102942 ,0.32617,1.63086
205 ,103446 ,0.31171,1.55855
206 ,103951 ,0.33951,1.69754
207 ,104455 ,0.31631,1.58157
208 ,104961 ,0.32762,1.63809
209 ,105465 ,0.32624,1.63118
210 ,105969 ,0.31772,1.58860
211 ,106474 ,0.32492,1.62460
212 ,106978 ,0.34477,1.72383
213 ,107482 ,0.33742,1.68712
214 ,107987 ,0.31810,1.59048
215 ,108494 ,0.31766,1.58829
216 ,108998 ,0.34151,1.70755
217 ,109502 ,0.31904,1.59518
218 ,110007 ,0.31985,1.59925
219 ,110511 ,0.31650,1.58251
220 ,111015 ,0.33538,1.67688
221 ,111520 ,0.51142,2.55711
222 ,112024 ,0.48081,2.40404
223 ,112528 ,0.36799,1.83996
224 ,113033 ,0.41493,2.07467
225 ,113538 ,0.35198,1.75988
226 ,114043 ,0.36098,1.80491
227 ,114547 ,0.34007,1.70035
228 ,115051 ,0.32548,1.62742
229 ,115555 ,0.32674,1.63368
230 ,116060 ,0.33087,1.65433
231 ,116565 ,0.33636,1.68181
232 ,117072 ,0.33606,1.68032
233 ,117576 ,0.33481,1.67406
234 ,118081 ,0.33506,1.67531
235 ,118585 ,0.33256,1.66279
236 ,119090 ,0.29670,1.48351
237 ,119595 ,0.29483,1.47414
238 ,120100 ,0.37238,1.86188
239 ,120604 ,0.33456,1.67281
240 ,121108 ,0.33481,1.67406
241 ,121613 ,0.33343,1.66717
242 ,122117 ,0.41631,2.08154
243 ,122621 ,0.53922,2.69609
244 ,123125 ,0.48976,2.44880
245 ,123629 ,0.37050,1.85248
246 ,124135 ,0.34654,1.73272
247 ,124639 ,0.31788,1.58938
248 ,125145 ,0.34230,1.71148
249 ,125652 ,0.32254,1.61271
250 ,126156 ,0.33306,1.66530
251 ,126660 ,0.33631,1.68157
252 ,127165 ,0.35121,1.75607
253 ,127670 ,0.33055,1.65277
254 ,128175 ,0.33374,1.66870
255 ,128679 ,0.36430,1.82150
256 ,129183 ,0.31797,1.58986
257 ,129688 ,0.27446,1.37230
258 ,130192 ,0.33268,1.66342
259 ,130696 ,0.33549,1.67744
260 ,131202 ,0.35054,1.75270
261 ,131706 ,0.32505,1.62523
262 ,132210 ,0.31822,1.59111
263 ,132715 ,0.34621,1.73103
264 ,133219 ,0.57403,2.87014
265 ,133724 ,0.48464,2.42318
266 ,134231 ,0.46665,2.33324
267 ,134737 ,0.33055,1.65277
268 ,135241 ,0.33782,1.68909
269 ,135745 ,0.33212,1.66060
270 ,136251 ,0.60674,3.03370
271 ,136755 ,0.42193,2.10964
272 ,137261 ,0.24293,1.21463
273 ,137765 ,0.22776,1.13879
274 ,138269 ,0.22438,1.12188
275 ,138773 ,0.24040,1.20202

sample ID, execution time, extra probe , dut probe
1 ,505 ,0.25105,1.25523
2 ,1009 ,0.26382,1.31909
3 ,1513 ,0.21398,1.06992
4 ,2019 ,0.26660,1.33299
5 ,2523 ,0.21557,1.07785
6 ,3027 ,0.28498,1.42489
7 ,3531 ,0.39034,1.95171
8 ,4037 ,0.33525,1.67625
9 ,4541 ,0.39360,1.96799
10 ,5046 ,0.38015,1.90073
11 ,5551 ,0.29420,1.47102
12 ,6055 ,0.31803,1.59017
13 ,6559 ,0.29456,1.47278
14 ,7063 ,0.30007,1.50033
15 ,7567 ,0.31221,1.56106
16 ,8072 ,0.31525,1.57626
17 ,8577 ,0.30064,1.50319
18 ,9081 ,0.31972,1.59862
19 ,9585 ,0.30238,1.51191
20 ,10089 ,0.29612,1.48061
21 ,10595 ,0.31069,1.55346
22 ,11099 ,0.31550,1.57751
23 ,11603 ,0.35403,1.77016
24 ,12107 ,0.34808,1.74042
25 ,12612 ,0.31778,1.58892
26 ,13118 ,0.36712,1.83558
27 ,13624 ,0.35092,1.75458
28 ,14128 ,0.32806,1.64028
29 ,14632 ,0.34871,1.74355
30 ,15136 ,0.31991,1.59956
31 ,15640 ,0.29656,1.48280
32 ,16145 ,0.29005,1.45025
33 ,16649 ,0.28746,1.43729
34 ,17154 ,0.30432,1.52161
35 ,17659 ,0.27615,1.38076
36 ,18163 ,0.29813,1.49063
37 ,18667 ,0.28110,1.40548
38 ,19171 ,0.25399,1.26994
39 ,19676 ,0.32418,1.62092
40 ,20180 ,0.28848,1.44242
41 ,20684 ,0.32367,1.61834
42 ,21188 ,0.32079,1.60394
43 ,21693 ,0.29243,1.46214
44 ,22197 ,0.29352,1.46759
45 ,22705 ,0.28371,1.41856
46 ,23209 ,0.29449,1.47247
47 ,23713 ,0.27371,1.36855
48 ,24218 ,0.29550,1.47748
49 ,24723 ,0.61480,3.07399
50 ,25227 ,0.51237,2.56184
51 ,25732 ,0.62654,3.13269
52 ,26236 ,0.55869,2.79344
53 ,26740 ,0.33851,1.69253
54 ,27244 ,0.70500,3.52498
55 ,27748 ,0.67056,3.35282
56 ,28252 ,0.60793,3.03964
57 ,28756 ,0.64296,3.21478
58 ,29260 ,0.61284,3.06421
59 ,29765 ,0.64909,3.24543
60 ,30270 ,0.64259,3.21295
61 ,30774 ,0.48139,2.40694
62 ,31279 ,0.35710,1.78549
63 ,31786 ,0.36042,1.80209
64 ,32290 ,0.35616,1.78080
65 ,32794 ,0.26889,1.34444
66 ,33299 ,0.27121,1.35603
67 ,33803 ,0.27928,1.39638
68 ,34309 ,0.39164,1.95819
69 ,34814 ,0.40369,2.01846
70 ,35318 ,0.47405,2.37023
71 ,35822 ,0.47029,2.35145
72 ,36326 ,0.44969,2.24846
73 ,36830 ,0.37046,1.85232
74 ,37335 ,0.30839,1.54196
75 ,37839 ,0.29644,1.48218
76 ,38343 ,0.29819,1.49094
77 ,38847 ,0.30132,1.50659
78 ,39353 ,0.30114,1.50568
79 ,39857 ,0.27372,1.36859
80 ,40361 ,0.26457,1.32285
81 ,40868 ,0.43260,2.16301
82 ,41372 ,0.34251,1.71256
83 ,41876 ,0.32379,1.61897
84 ,42381 ,0.30094,1.50471
85 ,42885 ,0.31481,1.57407
86 ,43389 ,0.30320,1.51598
87 ,43893 ,0.27365,1.36823
88 ,44398 ,0.26088,1.30438
89 ,44902 ,0.35735,1.78675
90 ,45406 ,0.32169,1.60843
91 ,45912 ,0.35354,1.76769
92 ,46416 ,0.32448,1.62241
93 ,46920 ,0.31447,1.57233
94 ,47424 ,0.36580,1.82901
95 ,47928 ,0.31284,1.56419
96 ,48433 ,0.29733,1.48663
97 ,48937 ,0.30119,1.50597
98 ,49441 ,0.30658,1.53289
99 ,49945 ,0.28836,1.44180
100 ,50452 ,0.28736,1.43679
101 ,50958 ,0.28996,1.44979
102 ,51462 ,0.28540,1.42699
103 ,51966 ,0.27377,1.36886
104 ,52471 ,0.26613,1.33067
105 ,52975 ,0.31472,1.57358
106 ,53479 ,0.28341,1.41707
107 ,53984 ,0.28790,1.43948
108 ,54489 ,0.28115,1.40575
109 ,54994 ,0.29318,1.46590
110 ,55498 ,0.28404,1.42020
111 ,56002 ,0.29143,1.45713
112 ,56507 ,0.27897,1.39484
113 ,57011 ,0.27790,1.38951
114 ,57517 ,0.42230,2.11152
115 ,58022 ,0.55484,2.77419
116 ,58526 ,0.49996,2.49982
117 ,59033 ,0.40612,2.03060
118 ,59537 ,0.30626,1.53132
119 ,60042 ,0.29427,1.47133
120 ,60547 ,0.31300,1.56502
121 ,61051 ,0.32849,1.64245
122 ,61556 ,0.29612,1.48061
123 ,62060 ,0.32843,1.64213
124 ,62564 ,0.28141,1.40705
125 ,63069 ,0.29527,1.47633
126 ,63574 ,0.28802,1.44010
127 ,64079 ,0.29500,1.47498
128 ,64583 ,0.28329,1.41644
129 ,65087 ,0.27722,1.38608
130 ,65593 ,0.28883,1.44416
131 ,66097 ,0.39058,1.95288
132 ,66601 ,0.30933,1.54666
133 ,67106 ,0.30883,1.54415
134 ,67610 ,0.34070,1.70348
135 ,68117 ,0.33375,1.66874
136 ,68621 ,0.35053,1.75263
137 ,69125 ,0.35435,1.77175
138 ,69630 ,0.34251,1.71256
139 ,70134 ,0.32073,1.60363
140 ,70638 ,0.31209,1.56043
141 ,71143 ,0.44450,2.22248
142 ,71647 ,0.37783,1.88917
143 ,72152 ,0.32662,1.63310
144 ,72657 ,0.29024,1.45119
145 ,73161 ,0.31547,1.57734
146 ,73665 ,0.28147,1.40736
147 ,74170 ,0.28154,1.40768
148 ,74674 ,0.27166,1.35829
149 ,75179 ,0.27578,1.37888
150 ,75683 ,0.25925,1.29624
151 ,76187 ,0.32417,1.62085
152 ,76692 ,0.29950,1.49751
153 ,77198 ,0.26739,1.33693
154 ,77702 ,0.26169,1.30845
155 ,78206 ,0.28523,1.42614
156 ,78710 ,0.35409,1.77047
157 ,79215 ,0.46071,2.30356
158 ,79719 ,0.42715,2.13577
159 ,80223 ,0.41000,2.05000
160 ,80729 ,0.34586,1.72928
161 ,81233 ,0.31303,1.56513
162 ,81737 ,0.29606,1.48030
163 ,82241 ,0.30007,1.50033
164 ,82746 ,0.27815,1.39077
165 ,83250 ,0.29483,1.47414
166 ,83754 ,0.28235,1.41174
167 ,84259 ,0.29161,1.45807
168 ,84763 ,0.27953,1.39766
169 ,85267 ,0.30226,1.51129
170 ,85775 ,0.27797,1.38983
171 ,86279 ,0.32044,1.60218
172 ,86783 ,0.27884,1.39422
173 ,87288 ,0.28748,1.43741
174 ,87792 ,0.28379,1.41894
175 ,88297 ,0.29105,1.45526
176 ,88802 ,0.30470,1.52348
177 ,89306 ,0.31775,1.58875
178 ,89811 ,0.32442,1.62210
179 ,90315 ,0.33481,1.67406
180 ,90819 ,0.34865,1.74324
181 ,91323 ,0.51512,2.57558
182 ,91828 ,0.42599,2.12994
183 ,92333 ,0.44560,2.22800
184 ,92837 ,0.41376,2.06879
185 ,93341 ,0.30626,1.53132
186 ,93846 ,0.28717,1.43585
187 ,94350 ,0.32680,1.63399
188 ,94857 ,0.46971,2.34854
189 ,95362 ,0.43017,2.15087
190 ,95866 ,0.32542,1.62711
191 ,96371 ,0.31997,1.59987
192 ,96875 ,0.31127,1.55636
193 ,97379 ,0.31096,1.55480
194 ,97884 ,0.35148,1.75739
195 ,98388 ,0.32073,1.60363
196 ,98892 ,0.30589,1.52944
197 ,99396 ,0.33487,1.67437
198 ,99901 ,0.39685,1.98427
199 ,100405 ,0.35610,1.78050
200 ,100911 ,0.34442,1.72210
201 ,101415 ,0.40011,2.00054
202 ,101919 ,0.35165,1.75826
203 ,102424 ,0.37551,1.87753
204 ,102928 ,0.38214,1.91071
205 ,103435 ,0.31600,1.58001
206 ,103940 ,0.31294,1.56471
207 ,104445 ,0.31309,1.56544
208 ,104949 ,0.29756,1.48781
209 ,105454 ,0.30088,1.50440
210 ,105958 ,0.29750,1.48750
211 ,106462 ,0.35423,1.77113
212 ,106968 ,0.31575,1.57876
213 ,107472 ,0.30401,1.52005
214 ,107977 ,0.28623,1.43115
215 ,108481 ,0.28235,1.41174
216 ,108985 ,0.30370,1.51849
217 ,109490 ,0.30401,1.52005
218 ,109995 ,0.29199,1.45995
219 ,110499 ,0.29750,1.48750
220 ,111003 ,0.30382,1.51911
221 ,111508 ,0.28573,1.42865
222 ,112016 ,0.31950,1.59750
223 ,112520 ,0.39307,1.96537
224 ,113026 ,0.35048,1.75239
225 ,113531 ,0.39058,1.95288
226 ,114035 ,0.32780,1.63900
227 ,114540 ,0.29462,1.47310
228 ,115044 ,0.29994,1.49970
229 ,115548 ,0.29221,1.46103
230 ,116054 ,0.29845,1.49226
231 ,116558 ,0.30219,1.51097
232 ,117063 ,0.29813,1.49063
233 ,117567 ,0.28873,1.44367
234 ,118073 ,0.30576,1.52879
235 ,118577 ,0.31544,1.57720
236 ,119081 ,0.30007,1.50033
237 ,119587 ,0.38577,1.92883
238 ,120091 ,0.30495,1.52475
239 ,120598 ,0.30182,1.50910
240 ,121102 ,0.31334,1.56669
241 ,121607 ,0.29776,1.48882
242 ,122111 ,0.32066,1.60332
243 ,122616 ,0.28429,1.42145
244 ,123120 ,0.30633,1.53163
245 ,123624 ,0.35397,1.76985
246 ,124130 ,0.31263,1.56314
247 ,124634 ,0.55584,2.77919
248 ,125138 ,0.53897,2.69484
249 ,125643 ,0.36862,1.84309
250 ,126147 ,0.32129,1.60645
251 ,126651 ,0.30401,1.52005
252 ,127156 ,0.30132,1.50662
253 ,127661 ,0.31269,1.56346
254 ,128166 ,0.30226,1.51129
255 ,128670 ,0.31866,1.59330
256 ,129177 ,0.31697,1.58485
257 ,129681 ,0.30839,1.54196
258 ,130186 ,0.29701,1.48507
259 ,130691 ,0.29320,1.46602
260 ,131196 ,0.31678,1.58391
261 ,131700 ,0.30213,1.51066
262 ,132204 ,0.29644,1.48218
263 ,132709 ,0.28798,1.43992
264 ,133213 ,0.26572,1.32862
265 ,133719 ,0.25973,1.29864
266 ,134223 ,0.45245,2.26224
267 ,134728 ,0.42797,2.13984
268 ,135232 ,0.32611,1.63055
269 ,135737 ,0.38371,1.91853
270 ,136241 ,0.31194,1.55971
271 ,136746 ,0.30157,1.50784
272 ,137250 ,0.52601,2.63004
273 ,137754 ,0.47430,2.37148
274 ,138261 ,0.22388,1.11938
275 ,138766 ,0.20591,1.02954
276 ,139270 ,0.21988,1.09940

sample ID, execution time, extra probe , dut probe
1 ,505 ,0.20002,1.00012
2 ,1009 ,0.21862,1.09308
3 ,1513 ,0.22163,1.10815
4 ,2017 ,0.43874,2.19368
5 ,2521 ,0.48193,2.40967
6 ,3025 ,0.36780,1.83902
7 ,3529 ,0.30407,1.52036
8 ,4033 ,0.28883,1.44416
9 ,4539 ,0.27328,1.36640
10 ,5043 ,0.28304,1.41519
11 ,5547 ,0.27265,1.36323
12 ,6051 ,0.28041,1.40204
13 ,6555 ,0.28416,1.42082
14 ,7062 ,0.28159,1.40794
15 ,7567 ,0.27915,1.39576
16 ,8072 ,0.29093,1.45463
17 ,8576 ,0.28041,1.40204
18 ,9080 ,0.28323,1.41613
19 ,9584 ,0.28185,1.40924
20 ,10089 ,0.28996,1.44979
21 ,10593 ,0.28160,1.40799
22 ,11097 ,0.30226,1.51129
23 ,11601 ,0.28266,1.41331
24 ,12105 ,0.33926,1.69628
25 ,12610 ,0.33224,1.66120
26 ,13115 ,0.33480,1.67401
27 ,13619 ,0.48024,2.40122
28 ,14123 ,0.34790,1.73948
29 ,14627 ,0.27759,1.38795
30 ,15132 ,0.28185,1.40924
31 ,15636 ,0.29258,1.46290
32 ,16140 ,0.31077,1.55386
33 ,16647 ,0.30639,1.53195
34 ,17151 ,0.31922,1.59612
35 ,17655 ,0.29061,1.45306
36 ,18161 ,0.27085,1.35423
37 ,18665 ,0.27384,1.36922
38 ,19169 ,0.32674,1.63368
39 ,19673 ,0.30658,1.53289
40 ,20178 ,0.28711,1.43553
41 ,20682 ,0.28479,1.42395
42 ,21186 ,0.29564,1.47820
43 ,21692 ,0.28065,1.40326
44 ,22196 ,0.28992,1.44962
45 ,22700 ,0.28298,1.41488
46 ,23204 ,0.38690,1.93450
47 ,23708 ,0.36924,1.84622
48 ,24213 ,0.45103,2.25517
49 ,24717 ,0.40969,2.04844
50 ,25221 ,0.34558,1.72790
51 ,25729 ,0.48164,2.40819
52 ,26233 ,0.54160,2.70799
53 ,26737 ,0.52219,2.61095
54 ,27241 ,0.56627,2.83134
55 ,27745 ,0.61253,3.06265
56 ,28249 ,0.50867,2.54333
57 ,28753 ,0.59099,2.95496
58 ,29258 ,0.41545,2.07724
59 ,29762 ,0.34754,1.73771
60 ,30267 ,0.34761,1.73803
61 ,30771 ,0.33963,1.69816
62 ,31276 ,0.34164,1.70818
63 ,31780 ,0.32411,1.62053
64 ,32284 ,0.32010,1.60050
65 ,32788 ,0.37790,1.88948
66 ,33292 ,0.44900,2.24502
67 ,33796 ,0.44168,2.20839
68 ,34300 ,0.51825,2.59123
69 ,34806 ,0.46746,2.33730
70 ,35312 ,0.42359,2.11793
71 ,35817 ,0.36915,1.84576
72 ,36321 ,0.33231,1.66154
73 ,36825 ,0.32943,1.64714
74 ,37329 ,0.32580,1.62898
75 ,37834 ,0.35453,1.77266
76 ,38338 ,0.30545,1.52723
77 ,38843 ,0.30938,1.54691
78 ,39347 ,0.31810,1.59048
79 ,39852 ,0.38552,1.92761
80 ,40356 ,0.32843,1.64213
81 ,40860 ,0.32937,1.64683
82 ,41364 ,0.32362,1.61811
83 ,41868 ,0.31985,1.59925
84 ,42373 ,0.29863,1.49313
85 ,42877 ,0.37832,1.89161
86 ,43381 ,0.43285,2.16426
87 ,43885 ,0.35978,1.79892
88 ,44393 ,0.34667,1.73334
89 ,44897 ,0.39842,1.99209
90 ,45402 ,0.36730,1.83652
91 ,45906 ,0.36943,1.84716
92 ,46410 ,0.38308,1.91540
93 ,46914 ,0.33336,1.66682
94 ,47420 ,0.32624,1.63122
95 ,47924 ,0.30651,1.53257
96 ,48428 ,0.32104,1.60519
97 ,48932 ,0.31409,1.57045
98 ,49436 ,0.30232,1.51160
99 ,49941 ,0.30607,1.53035
100 ,50445 ,0.30545,1.52725
101 ,50949 ,0.29794,1.48969
102 ,51454 ,0.31922,1.59612
103 ,51958 ,0.30251,1.51254
104 ,52462 ,0.35654,1.78268
105 ,52968 ,0.42268,2.11339
106 ,53475 ,0.36361,1.81805
107 ,53979 ,0.32592,1.62961
108 ,54483 ,0.31227,1.56137
109 ,54987 ,0.30376,1.51880
110 ,55492 ,0.28159,1.40794
111 ,55997 ,0.41144,2.05718
112 ,56502 ,0.35491,1.77454
113 ,57006 ,0.37663,1.88316
114 ,57510 ,0.41219,2.06096
115 ,58014 ,0.43216,2.16082
116 ,58518 ,0.55777,2.78887
117 ,59024 ,0.43486,2.17429
118 ,59528 ,0.31547,1.57734
119 ,60032 ,0.29105,1.45526
120 ,60537 ,0.30288,1.51442
121 ,61041 ,0.30414,1.52068
122 ,61545 ,0.28977,1.44885
123 ,62050 ,0.29944,1.49720
124 ,62557 ,0.29337,1.46684
125 ,63061 ,0.29806,1.49031
126 ,63565 ,0.30313,1.51567
127 ,64071 ,0.30345,1.51724
128 ,64575 ,0.29477,1.47383
129 ,65079 ,0.29600,1.47998
130 ,65584 ,0.29212,1.46058
131 ,66088 ,0.30263,1.51316
132 ,66592 ,0.29800,1.49000
133 ,67097 ,0.31250,1.56252
134 ,67602 ,0.36772,1.83858
135 ,68106 ,0.38039,1.90194
136 ,68611 ,0.41708,2.08538
137 ,69115 ,0.31522,1.57608
138 ,69619 ,0.29762,1.48812
139 ,70124 ,0.31756,1.58781
140 ,70629 ,0.30545,1.52723
141 ,71136 ,0.27390,1.36949
142 ,71640 ,0.24022,1.20108
143 ,72145 ,0.26119,1.30594
144 ,72649 ,0.26720,1.33599
145 ,73153 ,0.25367,1.26835
146 ,73659 ,0.25848,1.29239
147 ,74164 ,0.24216,1.21078
148 ,74668 ,0.25023,1.25116
149 ,75172 ,0.24303,1.21516
150 ,75677 ,0.24973,1.24866
151 ,76181 ,0.25311,1.26554
152 ,76686 ,0.24322,1.21610
153 ,77190 ,0.24792,1.23958
154 ,77694 ,0.26282,1.31408
155 ,78199 ,0.30445,1.52224
156 ,78704 ,0.31613,1.58063
157 ,79209 ,0.51893,2.59463
158 ,79713 ,0.37701,1.88504
159 ,80220 ,0.32724,1.63618
160 ,80724 ,0.30614,1.53069
161 ,81228 ,0.29268,1.46339
162 ,81734 ,0.29739,1.48695
163 ,82238 ,0.29433,1.47164
164 ,82742 ,0.29719,1.48593
165 ,83247 ,0.30414,1.52068
166 ,83751 ,0.30050,1.50252
167 ,84255 ,0.31703,1.58516
168 ,84759 ,0.30495,1.52473
169 ,85265 ,0.28915,1.44573
170 ,85769 ,0.29393,1.46965
171 ,86273 ,0.28022,1.40110
172 ,86778 ,0.28360,1.41801
173 ,87282 ,0.28404,1.42020
174 ,87787 ,0.27465,1.37327
175 ,88292 ,0.27684,1.38420
176 ,88796 ,0.29856,1.49282
177 ,89303 ,0.39504,1.97519
178 ,89808 ,0.36305,1.81523
179 ,90312 ,0.40706,2.03529
180 ,90816 ,0.39126,1.95631
181 ,91321 ,0.29850,1.49251
182 ,91825 ,0.28911,1.44555
183 ,92329 ,0.29111,1.45557
184 ,92834 ,0.29418,1.47091
185 ,93339 ,0.28115,1.40575
186 ,93844 ,0.28465,1.42324
187 ,94348 ,0.34414,1.72070
188 ,94852 ,0.41620,2.08099
189 ,95356 ,0.32004,1.60019
190 ,95860 ,0.33174,1.65872
191 ,96365 ,0.30595,1.52973
192 ,96870 ,0.30507,1.52536
193 ,97374 ,0.30651,1.53257
194 ,97881 ,0.31371,1.56857
195 ,98385 ,0.29863,1.49313
196 ,98890 ,0.29781,1.48906
197 ,99394 ,0.28446,1.42230
198 ,99900 ,0.36328,1.81641
199 ,100404 ,0.38821,1.94107
200 ,100908 ,0.39416,1.97081
201 ,101412 ,0.41000,2.05000
202 ,101917 ,0.32279,1.61396
203 ,102421 ,0.29589,1.47945
204 ,102926 ,0.30176,1.50878
205 ,103430 ,0.28930,1.44649
206 ,103934 ,0.29330,1.46652
207 ,104439 ,0.28986,1.44931
208 ,104944 ,0.30445,1.52224
209 ,105449 ,0.26416,1.32081
210 ,105953 ,0.28836,1.44180
211 ,106460 ,0.39310,1.96549
212 ,106964 ,0.32868,1.64338
213 ,107469 ,0.31772,1.58860
214 ,107974 ,0.33618,1.68088
215 ,108479 ,0.29895,1.49475
216 ,108983 ,0.30069,1.50346
217 ,109487 ,0.30727,1.53633
218 ,109992 ,0.30432,1.52162
219 ,110496 ,0.28216,1.41081
220 ,111000 ,0.37852,1.89260
221 ,111506 ,0.49251,2.46253
222 ,112010 ,0.45858,2.29291
223 ,112515 ,0.46322,2.31608
224 ,113019 ,0.56238,2.81191
225 ,113523 ,0.48112,2.40560
226 ,114028 ,0.42318,2.11589
227 ,114533 ,0.34529,1.72647
228 ,115040 ,0.34214,1.71068
229 ,115544 ,0.33838,1.69190
230 ,116048 ,0.41175,2.05877
231 ,116554 ,0.39570,1.97849
232 ,117058 ,0.36491,1.82453
233 ,117564 ,0.35866,1.79330
234 ,118068 ,0.31184,1.55918
235 ,118572 ,0.31240,1.56200
236 ,119077 ,0.32048,1.60238
237 ,119581 ,0.32198,1.60989
238 ,120086 ,0.31263,1.56314
239 ,120591 ,0.31413,1.57064
240 ,121095 ,0.30720,1.53602
241 ,121600 ,0.31434,1.57170
242 ,122104 ,0.40856,2.04280
243 ,122609 ,0.36211,1.81054
244 ,123113 ,0.40007,2.00034
245 ,123617 ,0.34859,1.74293
246 ,124124 ,0.29493,1.47466
247 ,124628 ,0.28679,1.43397
248 ,125133 ,0.28235,1.41174
249 ,125638 ,0.28552,1.42761
250 ,126143 ,0.29339,1.46696
251 ,126647 ,0.28924,1.44618
252 ,127152 ,0.29618,1.48092
253 ,127656 ,0.28930,1.44649
254 ,128161 ,0.29449,1.47247
255 ,128665 ,0.30726,1.53629
256 ,129171 ,0.28871,1.44354
257 ,129675 ,0.27077,1.35384
258 ,130180 ,0.39873,1.99366
259 ,130684 ,0.29643,1.48217
260 ,131188 ,0.31891,1.59455
261 ,131693 ,0.30963,1.54815
262 ,132198 ,0.28608,1.43042
263 ,132705 ,0.30501,1.52506
264 ,133209 ,0.33350,1.66749
265 ,133714 ,0.32937,1.64683
266 ,134218 ,0.34232,1.71162
267 ,134722 ,0.34273,1.71366
268 ,135228 ,0.34561,1.72803
269 ,135732 ,0.61015,3.05075
270 ,136236 ,0.64947,3.24733
271 ,136741 ,0.40074,2.00367
272 ,137245 ,0.23352,1.16758
273 ,137749 ,0.21724,1.08620
274 ,138253 ,0.23289,1.16446

sample ID, execution time, extra probe , dut probe
1 ,506 ,0.26547,1.32737
2 ,1010 ,0.21186,1.05928
3 ,1514 ,0.22907,1.14536
4 ,2021 ,0.21192,1.05959
5 ,2525 ,0.22807,1.14035
6 ,3030 ,0.43879,2.19396
7 ,3534 ,0.30357,1.51786
8 ,4038 ,0.30451,1.52256
9 ,4542 ,0.31202,1.56012
10 ,5046 ,0.28398,1.41988
11 ,5550 ,0.32836,1.64182
12 ,6054 ,0.29895,1.49475
13 ,6558 ,0.27534,1.37669
14 ,7063 ,0.27108,1.35540
15 ,7568 ,0.30145,1.50725
16 ,8072 ,0.30088,1.50440
17 ,8576 ,0.27022,1.35110
18 ,9082 ,0.27565,1.37827
19 ,9586 ,0.29875,1.49376
20 ,10090 ,0.26595,1.32973
21 ,10594 ,0.31766,1.58829
22 ,11098 ,0.28116,1.40580
23 ,11605 ,0.29858,1.49288
24 ,12111 ,0.27928,1.39638
25 ,12615 ,0.28266,1.41331
26 ,13119 ,0.32254,1.61271
27 ,13623 ,0.46296,2.31482
28 ,14127 ,0.39948,1.99742
29 ,14632 ,0.30907,1.54534
30 ,15136 ,0.29230,1.46152
31 ,15640 ,0.32379,1.61897
32 ,16144 ,0.28285,1.41425
33 ,16648 ,0.30695,1.53476
34 ,17153 ,0.28921,1.44604
35 ,17658 ,0.29527,1.47633
36 ,18162 ,0.28391,1.41957
37 ,18667 ,0.27665,1.38326
38 ,19171 ,0.26745,1.33724
39 ,19675 ,0.42741,2.13703
40 ,20180 ,0.31563,1.57813
41 ,20685 ,0.29833,1.49163
42 ,21192 ,0.29869,1.49344
43 ,21696 ,0.29068,1.45338
44 ,22200 ,0.28798,1.43992
45 ,22705 ,0.30094,1.50471
46 ,23209 ,0.30276,1.51380
47 ,23714 ,0.29983,1.49913
48 ,24218 ,0.32793,1.63963
49 ,24723 ,0.33919,1.69597
50 ,25227 ,0.37945,1.89725
51 ,25732 ,0.30345,1.51724
52 ,26237 ,0.27959,1.39795
53 ,26742 ,0.34311,1.71554
54 ,27246 ,0.57553,2.87765
55 ,27750 ,0.51981,2.59905
56 ,28254 ,0.39723,1.98615
57 ,28758 ,0.42718,2.13588
58 ,29264 ,0.52692,2.63460
59 ,29768 ,0.54823,2.74117
60 ,30275 ,0.37475,1.87377
61 ,30779 ,0.24754,1.23770
62 ,31283 ,0.24867,1.24334
63 ,31788 ,0.33455,1.67276
64 ,32293 ,0.28209,1.41044
65 ,32797 ,0.27277,1.36385
66 ,33301 ,0.27027,1.35133
67 ,33807 ,0.27103,1.35516
68 ,34311 ,0.26939,1.34695
69 ,34815 ,0.29989,1.49944
70 ,35321 ,0.33792,1.68962
71 ,35825 ,0.30839,1.54196
72 ,36329 ,0.32580,1.62899
73 ,36833 ,0.29825,1.49125
74 ,37338 ,0.28304,1.41519
75 ,37842 ,0.29271,1.46353
76 ,38346 ,0.27822,1.39108
77 ,38851 ,0.28404,1.42020
78 ,39357 ,0.28254,1.41268
79 ,39862 ,0.28767,1.43835
80 ,40366 ,0.26113,1.30563
81 ,40870 ,0.34067,1.70336
82 ,41374 ,0.29130,1.45651
83 ,41879 ,0.30345,1.51723
84 ,42383 ,0.28786,1.43929
85 ,42887 ,0.28729,1.43647
86 ,43391 ,0.29327,1.46634
87 ,43897 ,0.29645,1.48226
88 ,44401 ,0.30576,1.52882
89 ,44905 ,0.26926,1.34632
90 ,45409 ,0.28855,1.44273
91 ,45914 ,0.30558,1.52788
92 ,46418 ,0.30938,1.54691
93 ,46922 ,0.33625,1.68126
94 ,47426 ,0.41626,2.08131
95 ,47930 ,0.33819,1.69096
96 ,48435 ,0.32987,1.64933
97 ,48943 ,0.30370,1.51849
98 ,49447 ,0.29358,1.46790
99 ,49951 ,0.31778,1.58892
100 ,50455 ,0.30182,1.50910
101 ,50960 ,0.29531,1.47654
102 ,51464 ,0.29700,1.48499
103 ,51968 ,0.30676,1.53379
104 ,52474 ,0.32169,1.60843
105 ,52978 ,0.28974,1.44868
106 ,53482 ,0.28222,1.41112
107 ,53987 ,0.28523,1.42614
108 ,54491 ,0.28661,1.43303
109 ,54996 ,0.28565,1.42824
110 ,55501 ,0.29858,1.49288
111 ,56005 ,0.28905,1.44524
112 ,56510 ,0.28423,1.42114
113 ,57014 ,0.47699,2.38494
114 ,57521 ,0.42878,2.14391
115 ,58025 ,0.44398,2.21988
116 ,58531 ,0.33199,1.65995
117 ,59035 ,0.32210,1.61052
118 ,59539 ,0.31384,1.56920
119 ,60044 ,0.30451,1.52256
120 ,60548 ,0.29725,1.48624
121 ,61052 ,0.30126,1.50631
122 ,61556 ,0.29719,1.48593
123 ,62062 ,0.31338,1.56689
124 ,62566 ,0.28736,1.43679
125 ,63070 ,0.31434,1.57170
126 ,63575 ,0.29895,1.49475
127 ,64080 ,0.30126,1.50631
128 ,64585 ,0.31328,1.56638
129 ,65089 ,0.33124,1.65622
130 ,65593 ,0.32204,1.61020
131 ,66097 ,0.29813,1.49063
132 ,66604 ,0.30545,1.52723
133 ,67110 ,0.30869,1.54347
134 ,67614 ,0.36881,1.84403
135 ,68118 ,0.46328,2.31639
136 ,68622 ,0.41632,2.08162
137 ,69127 ,0.37682,1.88410
138 ,69631 ,0.37359,1.86794
139 ,70137 ,0.46471,2.32356
140 ,70641 ,0.33369,1.66843
141 ,71145 ,0.28247,1.41237
142 ,71649 ,0.29900,1.49501
143 ,72154 ,0.25505,1.27527
144 ,72658 ,0.27147,1.35735
145 ,73163 ,0.26426,1.32128
146 ,73667 ,0.25424,1.27120
147 ,74172 ,0.24867,1.24334
148 ,74676 ,0.27208,1.36041
149 ,75180 ,0.26710,1.33549
150 ,75689 ,0.26572,1.32862
151 ,76194 ,0.25667,1.28334
152 ,76699 ,0.25919,1.29593
153 ,77203 ,0.26175,1.30876
154 ,77707 ,0.26119,1.30594
155 ,78212 ,0.25386,1.26932
156 ,78716 ,0.26897,1.34486
157 ,79221 ,0.30670,1.53351
158 ,79725 ,0.31209,1.56043
159 ,80229 ,0.40405,2.02027
160 ,80733 ,0.36342,1.81711
161 ,81238 ,0.31444,1.57220
162 ,81743 ,0.33399,1.66995
163 ,82247 ,0.29161,1.45807
164 ,82752 ,0.33356,1.66780
165 ,83256 ,0.30645,1.53226
166 ,83760 ,0.29988,1.49939
167 ,84267 ,0.29314,1.46571
168 ,84772 ,0.31631,1.58157
169 ,85277 ,0.32179,1.60895
170 ,85781 ,0.38321,1.91603
171 ,86285 ,0.42221,2.11104
172 ,86789 ,0.41125,2.05627
173 ,87294 ,0.44067,2.20333
174 ,87798 ,0.35629,1.78143
175 ,88302 ,0.33982,1.69910
176 ,88807 ,0.31265,1.56325
177 ,89311 ,0.28873,1.44367
178 ,89815 ,0.35029,1.75145
179 ,90321 ,0.31531,1.57657
180 ,90825 ,0.34483,1.72414
181 ,91329 ,0.38377,1.91885
182 ,91834 ,0.40725,2.03623
183 ,92338 ,0.40418,2.02090
184 ,92842 ,0.44335,2.21676
185 ,93351 ,0.41056,2.05281
186 ,93855 ,0.35942,1.79708
187 ,94359 ,0.31027,1.55135
188 ,94863 ,0.30833,1.54165
189 ,95368 ,0.29356,1.46778
190 ,95872 ,0.31225,1.56127
191 ,96378 ,0.31163,1.55815
192 ,96882 ,0.28698,1.43491
193 ,97386 ,0.27884,1.39422
194 ,97891 ,0.28767,1.43835
195 ,98395 ,0.28873,1.44367
196 ,98900 ,0.28671,1.43355
197 ,99405 ,0.28065,1.40325
198 ,99909 ,0.28579,1.42896
199 ,100414 ,0.27978,1.39891
200 ,100918 ,0.38865,1.94326
201 ,101422 ,0.36179,1.80897
202 ,101929 ,0.41137,2.05687
203 ,102435 ,0.38614,1.93070
204 ,102939 ,0.41388,2.06941
205 ,103443 ,0.39297,1.96486
206 ,103948 ,0.34095,1.70474
207 ,104452 ,0.34326,1.71632
208 ,104956 ,0.34486,1.72428
209 ,105461 ,0.35942,1.79708
210 ,105965 ,0.32104,1.60520
211 ,106469 ,0.30858,1.54290
212 ,106975 ,0.32862,1.64309
213 ,107479 ,0.31007,1.55034
214 ,107985 ,0.31444,1.57220
215 ,108489 ,0.29781,1.48906
216 ,108994 ,0.26181,1.30907
217 ,109498 ,0.25311,1.26556
218 ,110003 ,0.30620,1.53101
219 ,110507 ,0.52099,2.60493
220 ,111015 ,0.48557,2.42787
221 ,111519 ,0.40637,2.03185
222 ,112024 ,0.46271,2.31357
223 ,112528 ,0.49477,2.47384
224 ,113032 ,0.53164,2.65821
225 ,113537 ,0.34898,1.74489
226 ,114042 ,0.32112,1.60562
227 ,114547 ,0.27941,1.39703
228 ,115051 ,0.27690,1.38451
229 ,115555 ,0.28097,1.40486
230 ,116060 ,0.29944,1.49720
231 ,116564 ,0.30364,1.51818
232 ,117070 ,0.27041,1.35204
233 ,117574 ,0.28767,1.43835
234 ,118079 ,0.28473,1.42364
235 ,118583 ,0.27909,1.39547
236 ,119087 ,0.27452,1.37262
237 ,119594 ,0.26835,1.34173
238 ,120100 ,0.31294,1.56471
239 ,120604 ,0.28504,1.42520
240 ,121109 ,0.31421,1.57107
241 ,121613 ,0.32567,1.62836
242 ,122117 ,0.31140,1.55699
243 ,122622 ,0.27803,1.39014
244 ,123126 ,0.32636,1.63180
245 ,123631 ,0.32567,1.62836
246 ,124135 ,0.36599,1.82995
247 ,124639 ,0.31797,1.58986
248 ,125145 ,0.29052,1.45260
249 ,125650 ,0.29214,1.46072
250 ,126154 ,0.30507,1.52537
251 ,126658 ,0.33819,1.69096
252 ,127163 ,0.29769,1.48844
253 ,127667 ,0.26469,1.32347
254 ,128174 ,0.37582,1.87909
255 ,128679 ,0.29208,1.46040
256 ,129183 ,0.28354,1.41769
257 ,129687 ,0.31296,1.56481
258 ,130192 ,0.29387,1.46934
259 ,130696 ,0.29650,1.48249
260 ,131201 ,0.26360,1.31800
261 ,131706 ,0.30189,1.50943
262 ,132211 ,0.32141,1.60707
263 ,132715 ,0.29443,1.47216
264 ,133219 ,0.29111,1.45557
265 ,133724 ,0.30182,1.50910
266 ,134228 ,0.35454,1.77269
267 ,134734 ,0.29271,1.46353
268 ,135238 ,0.33512,1.67562
269 ,135742 ,0.31453,1.57264
270 ,136248 ,0.46559,2.32793
271 ,136754 ,0.64239,3.21196
272 ,137259 ,0.42424,2.12120
273 ,137765 ,0.36010,1.80048
274 ,138269 ,0.25167,1.25836
275 ,138773 ,0.23984,1.19920

sample ID, execution time, extra probe , dut probe
1 ,505 ,0.22375,1.11875
2 ,1009 ,0.21611,1.08056
3 ,1513 ,0.21505,1.07524
4 ,2017 ,0.23339,1.16696
5 ,2521 ,0.47436,2.37180
6 ,3025 ,0.35516,1.77579
7 ,3529 ,0.37482,1.87408
8 ,4033 ,0.60399,3.01996
9 ,4538 ,0.53835,2.69175
10 ,5042 ,0.36267,1.81336
11 ,5546 ,0.30664,1.53320
12 ,6053 ,0.28454,1.42270
13 ,6557 ,0.28617,1.43084
14 ,7061 ,0.36522,1.82609
15 ,7566 ,0.33149,1.65745
16 ,8071 ,0.39886,1.99429
17 ,8575 ,0.29068,1.45338
18 ,9079 ,0.30871,1.54353
19 ,9583 ,0.30827,1.54134
20 ,10087 ,0.27828,1.39139
21 ,10592 ,0.27722,1.38608
22 ,11096 ,0.27828,1.39140
23 ,11600 ,0.27972,1.39860
24 ,12104 ,0.29086,1.45432
25 ,12609 ,0.29014,1.45072
26 ,13114 ,0.47027,2.35135
27 ,13618 ,0.44756,2.23782
28 ,14123 ,0.33387,1.66937
29 ,14627 ,0.30733,1.53664
30 ,15131 ,0.29418,1.47091
31 ,15645 ,0.28592,1.42959
32 ,16149 ,0.29414,1.47071
33 ,16655 ,0.29146,1.45728
34 ,17159 ,0.31835,1.59173
35 ,17663 ,0.27834,1.39171
36 ,18168 ,0.25136,1.25680
37 ,18672 ,0.35197,1.75983
38 ,19176 ,0.29945,1.49725
39 ,19680 ,0.32680,1.63399
40 ,20184 ,0.32417,1.62085
41 ,20689 ,0.28636,1.43178
42 ,21193 ,0.30338,1.51692
43 ,21697 ,0.30844,1.54222
44 ,22203 ,0.33767,1.68837
45 ,22707 ,0.33538,1.67688
46 ,23211 ,0.28567,1.42833
47 ,23715 ,0.44450,2.22248
48 ,24219 ,0.31165,1.55824
49 ,24726 ,0.31269,1.56346
50 ,25231 ,0.30101,1.50506
51 ,25736 ,0.27703,1.38514
52 ,26240 ,0.28398,1.41988
53 ,26744 ,0.27490,1.37449
54 ,27248 ,0.30182,1.50909
55 ,27753 ,0.28821,1.44104
56 ,28257 ,0.28698,1.43491
57 ,28761 ,0.28179,1.40893
58 ,29266 ,0.26970,1.34851
59 ,29770 ,0.23684,1.18418
60 ,30274 ,0.31606,1.58032
61 ,30780 ,0.28084,1.40419
62 ,31284 ,0.28222,1.41112
63 ,31788 ,0.29130,1.45651
64 ,32292 ,0.28304,1.41519
65 ,32797 ,0.27778,1.38889
66 ,33301 ,0.29808,1.49038
67 ,33806 ,0.28071,1.40357
68 ,34313 ,0.29337,1.46684
69 ,34817 ,0.30169,1.50847
70 ,35321 ,0.33801,1.69003
71 ,35825 ,0.38101,1.90507
72 ,36330 ,0.33443,1.67213
73 ,36835 ,0.31382,1.56908
74 ,37339 ,0.34752,1.73760
75 ,37843 ,0.30401,1.52005
76 ,38347 ,0.35278,1.76390
77 ,38853 ,0.31132,1.55659
78 ,39357 ,0.32200,1.60999
79 ,39861 ,0.33381,1.66905
80 ,40366 ,0.29925,1.49626
81 ,40870 ,0.28611,1.43053
82 ,41374 ,0.30144,1.50722
83 ,41878 ,0.30763,1.53816
84 ,42384 ,0.28477,1.42387
85 ,42888 ,0.28604,1.43021
86 ,43395 ,0.30445,1.52224
87 ,43900 ,0.28833,1.44167
88 ,44404 ,0.28924,1.44618
89 ,44908 ,0.30607,1.53035
90 ,45414 ,0.30826,1.54129
91 ,45918 ,0.31227,1.56137
92 ,46422 ,0.34608,1.73041
93 ,46926 ,0.32724,1.63618
94 ,47430 ,0.29255,1.46277
95 ,47935 ,0.28209,1.41044
96 ,48439 ,0.28855,1.44273
97 ,48943 ,0.28617,1.43084
98 ,49447 ,0.27477,1.37387
99 ,49952 ,0.28316,1.41581
100 ,50456 ,0.28808,1.44042
101 ,50962 ,0.28265,1.41325
102 ,51466 ,0.28498,1.42489
103 ,51970 ,0.27621,1.38107
104 ,52477 ,0.38083,1.90413
105 ,52981 ,0.39998,1.99992
106 ,53485 ,0.40219,2.01096
107 ,53991 ,0.29196,1.45978
108 ,54495 ,0.30032,1.50158
109 ,54999 ,0.29881,1.49407
110 ,55504 ,0.29506,1.47529
111 ,56008 ,0.33963,1.69816
112 ,56513 ,0.39938,1.99691
113 ,57018 ,0.33193,1.65964
114 ,57522 ,0.38227,1.91133
115 ,58027 ,0.35491,1.77454
116 ,58531 ,0.35265,1.76327
117 ,59035 ,0.29600,1.47998
118 ,59540 ,0.34698,1.73490
119 ,60044 ,0.31891,1.59455
120 ,60548 ,0.29644,1.48218
121 ,61052 ,0.29393,1.46965
122 ,61559 ,0.29600,1.47998
123 ,62063 ,0.29831,1.49157
124 ,62568 ,0.31419,1.57095
125 ,63072 ,0.32060,1.60300
126 ,63576 ,0.32010,1.60050
127 ,64080 ,0.30833,1.54165
128 ,64585 ,0.29712,1.48562
129 ,65089 ,0.32462,1.62310
130 ,65595 ,0.29158,1.45790
131 ,66099 ,0.28661,1.43303
132 ,66603 ,0.28166,1.40830
133 ,67108 ,0.28135,1.40674
134 ,67612 ,0.39454,1.97269
135 ,68116 ,0.34636,1.73178
136 ,68621 ,0.36342,1.81711
137 ,69125 ,0.30626,1.53132
138 ,69629 ,0.30069,1.50346
139 ,70136 ,0.32730,1.63650
140 ,70640 ,0.38972,1.94858
141 ,71144 ,0.30651,1.53254
142 ,71649 ,0.29017,1.45087
143 ,72153 ,0.28704,1.43522
144 ,72657 ,0.30658,1.53288
145 ,73162 ,0.28366,1.41832
146 ,73666 ,0.28121,1.40607
147 ,74172 ,0.32930,1.64652
148 ,74676 ,0.28967,1.44837
149 ,75180 ,0.32893,1.64464
150 ,75685 ,0.28473,1.42364
151 ,76189 ,0.28848,1.44242
152 ,76693 ,0.28271,1.41356
153 ,77199 ,0.29021,1.45103
154 ,77703 ,0.27809,1.39046
155 ,78208 ,0.27934,1.39672
156 ,78712 ,0.32736,1.63681
157 ,79219 ,0.42766,2.13828
158 ,79723 ,0.38371,1.91853
159 ,80228 ,0.38508,1.92540
160 ,80733 ,0.29124,1.45619
161 ,81237 ,0.29474,1.47372
162 ,81741 ,0.28949,1.44743
163 ,82246 ,0.29224,1.46120
164 ,82750 ,0.35685,1.78424
165 ,83254 ,0.32091,1.60457
166 ,83759 ,0.31415,1.57076
167 ,84263 ,0.29900,1.49501
168 ,84767 ,0.29055,1.45275
169 ,85272 ,0.30901,1.54503
170 ,85777 ,0.31713,1.58563
171 ,86282 ,0.30820,1.54102
172 ,86786 ,0.28191,1.40955
173 ,87290 ,0.29819,1.49094
174 ,87794 ,0.29318,1.46590
175 ,88301 ,0.29102,1.45509
176 ,88807 ,0.27784,1.38920
177 ,89311 ,0.33469,1.67344
178 ,89815 ,0.36624,1.83120
179 ,90319 ,0.37983,1.89913
180 ,90825 ,0.39563,1.97817
181 ,91329 ,0.32250,1.61249
182 ,91835 ,0.32699,1.63497
183 ,92339 ,0.34977,1.74887
184 ,92843 ,0.30620,1.53101
185 ,93347 ,0.31509,1.57546
186 ,93852 ,0.29950,1.49751
187 ,94356 ,0.30339,1.51693
188 ,94860 ,0.29944,1.49720
189 ,95365 ,0.32830,1.64150
190 ,95869 ,0.32254,1.61271
191 ,96373 ,0.33938,1.69691
192 ,96880 ,0.29938,1.49689
193 ,97384 ,0.29745,1.48726
194 ,97889 ,0.29575,1.47873
195 ,98393 ,0.30820,1.54102
196 ,98897 ,0.29863,1.49313
197 ,99401 ,0.28792,1.43960
198 ,99906 ,0.30401,1.52005
199 ,100411 ,0.33474,1.67369
200 ,100915 ,0.35666,1.78331
201 ,101420 ,0.33575,1.67876
202 ,101924 ,0.41338,2.06691
203 ,102429 ,0.31447,1.57233
204 ,102933 ,0.34298,1.71492
205 ,103439 ,0.32731,1.63653
206 ,103943 ,0.29531,1.47654
207 ,104448 ,0.31002,1.55010
208 ,104952 ,0.30288,1.51442
209 ,105456 ,0.34790,1.73948
210 ,105963 ,0.29527,1.47633
211 ,106468 ,0.31503,1.57514
212 ,106972 ,0.28585,1.42927
213 ,107477 ,0.29249,1.46245
214 ,107981 ,0.27690,1.38451
215 ,108485 ,0.27984,1.39922
216 ,108990 ,0.29739,1.48695
217 ,109494 ,0.30263,1.51316
218 ,109999 ,0.30670,1.53351
219 ,110503 ,0.30714,1.53570
220 ,111008 ,0.28373,1.41863
221 ,111512 ,0.37346,1.86731
222 ,112018 ,0.35023,1.75114
223 ,112522 ,0.37457,1.87283
224 ,113026 ,0.34414,1.72070
225 ,113531 ,0.29994,1.49971
226 ,114035 ,0.31065,1.55323
227 ,114543 ,0.29333,1.46665
228 ,115048 ,0.30388,1.51942
229 ,115552 ,0.31634,1.58172
230 ,116056 ,0.28022,1.40110
231 ,116561 ,0.28423,1.42114
232 ,117065 ,0.28479,1.42395
233 ,117570 ,0.26435,1.32175
234 ,118075 ,0.26716,1.33580
235 ,118580 ,0.27978,1.39891
236 ,119084 ,0.27083,1.35415
237 ,119589 ,0.29669,1.48343
238 ,120093 ,0.30013,1.50064
239 ,120597 ,0.35654,1.78268
240 ,121103 ,0.35341,1.76707
241 ,121607 ,0.35153,1.75764
242 ,122111 ,0.27772,1.38858
243 ,122616 ,0.44256,2.21278
244 ,123123 ,0.41019,2.05094
245 ,123627 ,0.41156,2.05781
246 ,124133 ,0.34161,1.70804
247 ,124637 ,0.33957,1.69785
248 ,125141 ,0.49151,2.45757
249 ,125645 ,0.67445,3.37223
250 ,126149 ,0.66574,3.32872
251 ,126654 ,0.37671,1.88355
252 ,127159 ,0.47396,2.36978
253 ,127663 ,0.61071,3.05357
254 ,128167 ,0.40531,2.02653
255 ,128672 ,0.39103,1.95516
256 ,129176 ,0.43929,2.19646
257 ,129682 ,0.33287,1.66433
258 ,130186 ,0.31259,1.56294
259 ,130690 ,0.26638,1.33192
260 ,131195 ,0.25004,1.25022
261 ,131702 ,0.28673,1.43366
262 ,132207 ,0.36853,1.84264
263 ,132712 ,0.32106,1.60530
264 ,133216 ,0.35228,1.76139
265 ,133721 ,0.35898,1.79489
266 ,134225 ,0.36918,1.84591
267 ,134729 ,0.40687,2.03435
268 ,135234 ,0.32930,1.64652
269 ,135739 ,0.30869,1.54347
270 ,136244 ,0.31584,1.57921
271 ,136748 ,0.40124,2.00618
272 ,137253 ,0.22350,1.11750
273 ,137757 ,0.20359,1.01796
274 ,138262 ,0.24567,1.22837

sample ID, execution time, extra probe , dut probe
1 ,507 ,0.28467,1.42333
2 ,1013 ,0.26826,1.34131
3 ,1517 ,0.27615,1.38075
4 ,2021 ,0.20591,1.02954
5 ,2526 ,0.21645,1.08223
6 ,3030 ,0.23464,1.17322
7 ,3534 ,0.28999,1.44993
8 ,4038 ,0.61735,3.08675
9 ,4543 ,0.45697,2.28484
10 ,5048 ,0.38089,1.90447
11 ,5552 ,0.35710,1.78550
12 ,6056 ,0.30451,1.52256
13 ,6560 ,0.29769,1.48844
14 ,7064 ,0.28585,1.42927
15 ,7568 ,0.28633,1.43167
16 ,8073 ,0.30632,1.53160
17 ,8578 ,0.32173,1.60864
18 ,9082 ,0.32423,1.62116
19 ,9586 ,0.30094,1.50471
20 ,10090 ,0.36048,1.80240
21 ,10597 ,0.29152,1.45759
22 ,11102 ,0.28321,1.41606
23 ,11606 ,0.30163,1.50816
24 ,12111 ,0.31240,1.56200
25 ,12615 ,0.29212,1.46058
26 ,13119 ,0.29249,1.46246
27 ,13623 ,0.32337,1.61686
28 ,14128 ,0.32774,1.63869
29 ,14632 ,0.27697,1.38483
30 ,15136 ,0.33243,1.66217
31 ,15640 ,0.29900,1.49501
32 ,16145 ,0.28559,1.42793
33 ,16650 ,0.30613,1.53067
34 ,17154 ,0.31860,1.59299
35 ,17658 ,0.31221,1.56106
36 ,18163 ,0.31478,1.57389
37 ,18667 ,0.29493,1.47466
38 ,19171 ,0.36209,1.81047
39 ,19675 ,0.29180,1.45901
40 ,20182 ,0.28679,1.43397
41 ,20686 ,0.31947,1.59737
42 ,21191 ,0.29381,1.46903
43 ,21695 ,0.29850,1.49251
44 ,22199 ,0.29127,1.45634
45 ,22703 ,0.30526,1.52631
46 ,23208 ,0.29719,1.48593
47 ,23712 ,0.29500,1.47498
48 ,24216 ,0.30238,1.51191
49 ,24720 ,0.34479,1.72397
50 ,25226 ,0.36441,1.82203
51 ,25730 ,0.37325,1.86626
52 ,26234 ,0.40762,2.03811
53 ,26738 ,0.33650,1.68251
54 ,27243 ,0.34289,1.71444
55 ,27747 ,0.42980,2.14900
56 ,28251 ,0.41977,2.09884
57 ,28755 ,0.42453,2.12263
58 ,29262 ,0.40505,2.02527
59 ,29766 ,0.45345,2.26724
60 ,30272 ,0.47902,2.39508
61 ,30776 ,0.53510,2.67551
62 ,31280 ,0.49683,2.48417
63 ,31784 ,0.35566,1.77830
64 ,32288 ,0.44324,2.21622
65 ,32793 ,0.31378,1.56888
66 ,33297 ,0.31357,1.56783
67 ,33802 ,0.32618,1.63091
68 ,34306 ,0.30044,1.50221
69 ,34811 ,0.32423,1.62116
70 ,35315 ,0.33406,1.67030
71 ,35819 ,0.41927,2.09633
72 ,36323 ,0.32162,1.60811
73 ,36827 ,0.35810,1.79051
74 ,37332 ,0.31916,1.59580
75 ,37836 ,0.28423,1.42114
76 ,38342 ,0.28116,1.40580
77 ,38847 ,0.27302,1.36510
78 ,39351 ,0.28708,1.43542
79 ,39855 ,0.29118,1.45588
80 ,40359 ,0.30658,1.53289
81 ,40864 ,0.29788,1.48938
82 ,41368 ,0.28310,1.41550
83 ,41872 ,0.27853,1.39264
84 ,42377 ,0.25712,1.28560
85 ,42881 ,0.25737,1.28685
86 ,43385 ,0.29393,1.46965
87 ,43889 ,0.29581,1.47904
88 ,44394 ,0.29963,1.49814
89 ,44898 ,0.27853,1.39264
90 ,45402 ,0.28992,1.44962
91 ,45907 ,0.27947,1.39735
92 ,46411 ,0.28116,1.40580
93 ,46915 ,0.29393,1.46965
94 ,47419 ,0.30663,1.53316
95 ,47927 ,0.36809,1.84045
96 ,48431 ,0.32204,1.61020
97 ,48935 ,0.31578,1.57890
98 ,49440 ,0.28479,1.42395
99 ,49944 ,0.30846,1.54228
100 ,50448 ,0.30326,1.51630
101 ,50954 ,0.31806,1.59031
102 ,51458 ,0.26757,1.33787
103 ,51962 ,0.26313,1.31565
104 ,52467 ,0.33181,1.65904
105 ,52971 ,0.29193,1.45964
106 ,53475 ,0.29314,1.46571
107 ,53980 ,0.30013,1.50064
108 ,54484 ,0.28467,1.42333
109 ,54988 ,0.28335,1.41675
110 ,55493 ,0.27396,1.36980
111 ,55997 ,0.26110,1.30551
112 ,56505 ,0.34061,1.70305
113 ,57009 ,0.31096,1.55480
114 ,57513 ,0.29280,1.46402
115 ,58019 ,0.63897,3.19484
116 ,58524 ,0.41912,2.09559
117 ,59028 ,0.43899,2.19493
118 ,59533 ,0.34498,1.72491
119 ,60037 ,0.53289,2.66447
120 ,60541 ,0.49402,2.47009
121 ,61045 ,0.30213,1.51066
122 ,61550 ,0.29086,1.45432
123 ,62054 ,0.28877,1.44385
124 ,62560 ,0.29108,1.45541
125 ,63064 ,0.29249,1.46246
126 ,63568 ,0.30282,1.51410
127 ,64073 ,0.34765,1.73823
128 ,64577 ,0.28141,1.40705
129 ,65081 ,0.27403,1.37015
130 ,65589 ,0.38552,1.92758
131 ,66093 ,0.31803,1.59017
132 ,66598 ,0.29456,1.47278
133 ,67102 ,0.29305,1.46527
134 ,67606 ,0.29656,1.48280
135 ,68111 ,0.28796,1.43979
136 ,68616 ,0.28933,1.44666
137 ,69121 ,0.36950,1.84748
138 ,69625 ,0.38884,1.94420
139 ,70129 ,0.38440,1.92198
140 ,70633 ,0.50416,2.52080
141 ,71138 ,0.42130,2.10652
142 ,71642 ,0.45113,2.25566
143 ,72146 ,0.32342,1.61709
144 ,72651 ,0.36298,1.81492
145 ,73155 ,0.32686,1.63431
146 ,73659 ,0.31132,1.55659
147 ,74165 ,0.30582,1.52911
148 ,74671 ,0.28548,1.42740
149 ,75176 ,0.28091,1.40455
150 ,75680 ,0.29262,1.46308
151 ,76185 ,0.26476,1.32378
152 ,76689 ,0.26510,1.32550
153 ,77195 ,0.31594,1.57970
154 ,77699 ,0.28805,1.44023
155 ,78203 ,0.28567,1.42833
156 ,78707 ,0.28755,1.43773
157 ,79212 ,0.27409,1.37043
158 ,79716 ,0.38408,1.92040
159 ,80221 ,0.39114,1.95569
160 ,80726 ,0.39291,1.96455
161 ,81230 ,0.34007,1.70035
162 ,81734 ,0.33832,1.69159
163 ,82240 ,0.29389,1.46946
164 ,82744 ,0.30601,1.53004
165 ,83251 ,0.30032,1.50158
166 ,83755 ,0.30514,1.52569
167 ,84259 ,0.30163,1.50816
168 ,84763 ,0.30457,1.52287
169 ,85269 ,0.29770,1.48851
170 ,85773 ,0.28377,1.41887
171 ,86278 ,0.30025,1.50127
172 ,86782 ,0.29856,1.49282
173 ,87286 ,0.30307,1.51536
174 ,87790 ,0.31303,1.56513
175 ,88295 ,0.32599,1.62997
176 ,88800 ,0.42961,2.14806
177 ,89304 ,0.42165,2.10823
178 ,89809 ,0.30345,1.51723
179 ,90313 ,0.31634,1.58172
180 ,90817 ,0.38270,1.91352
181 ,91322 ,0.42312,2.11558
182 ,91827 ,0.39351,1.96755
183 ,92333 ,0.40743,2.03717
184 ,92838 ,0.35078,1.75388
185 ,93342 ,0.35391,1.76953
186 ,93846 ,0.34571,1.72853
187 ,94351 ,0.31082,1.55409
188 ,94856 ,0.31325,1.56627
189 ,95360 ,0.31353,1.56763
190 ,95865 ,0.33406,1.67030
191 ,96369 ,0.31015,1.55073
192 ,96873 ,0.32373,1.61866
193 ,97378 ,0.33087,1.65433
194 ,97882 ,0.30595,1.52975
195 ,98386 ,0.30802,1.54009
196 ,98890 ,0.34314,1.71569
197 ,99395 ,0.30288,1.51442
198 ,99899 ,0.30863,1.54316
199 ,100405 ,0.31019,1.55097
200 ,100909 ,0.35334,1.76671
201 ,101416 ,0.32974,1.64871
202 ,101920 ,0.45545,2.27726
203 ,102424 ,0.41031,2.05157
204 ,102929 ,0.39314,1.96568
205 ,103434 ,0.31813,1.59063
206 ,103939 ,0.29462,1.47310
207 ,104443 ,0.29268,1.46339
208 ,104948 ,0.29950,1.49751
209 ,105452 ,0.29024,1.45119
210 ,105957 ,0.29214,1.46071
211 ,106462 ,0.29033,1.45166
212 ,106967 ,0.26507,1.32535
213 ,107471 ,0.30814,1.54071
214 ,107975 ,0.29975,1.49877
215 ,108481 ,0.30033,1.50163
216 ,108985 ,0.30445,1.52223
217 ,109491 ,0.31644,1.58219
218 ,109998 ,0.30946,1.54728
219 ,110502 ,0.29456,1.47278
220 ,111007 ,0.29888,1.49438
221 ,111511 ,0.26920,1.34601
222 ,112015 ,0.33062,1.65308
223 ,112521 ,0.31407,1.57033
224 ,113025 ,0.32448,1.62241
225 ,113530 ,0.30877,1.54384
226 ,114034 ,0.31922,1.59612
227 ,114538 ,0.35572,1.77861
228 ,115043 ,0.30039,1.50194
229 ,115547 ,0.29337,1.46684
230 ,116053 ,0.30901,1.54503
231 ,116557 ,0.33030,1.65152
232 ,117062 ,0.34414,1.72070
233 ,117567 ,0.34292,1.71460
234 ,118072 ,0.29221,1.46103
235 ,118580 ,0.33761,1.68806
236 ,119084 ,0.33926,1.69628
237 ,119588 ,0.32868,1.64338
238 ,120094 ,0.31900,1.59500
239 ,120598 ,0.31722,1.58610
240 ,121103 ,0.31844,1.59219
241 ,121608 ,0.31475,1.57376
242 ,122113 ,0.29869,1.49344
243 ,122617 ,0.33149,1.65747
244 ,123121 ,0.31365,1.56826
245 ,123626 ,0.36424,1.82118
246 ,124130 ,0.41806,2.09028
247 ,124635 ,0.37782,1.88911
248 ,125139 ,0.41745,2.08725
249 ,125643 ,0.31603,1.58015
250 ,126148 ,0.30720,1.53602
251 ,126652 ,0.32250,1.61249
252 ,127160 ,0.29983,1.49913
253 ,127665 ,0.28742,1.43710
254 ,128169 ,0.25493,1.27464
255 ,128673 ,0.31234,1.56168
256 ,129178 ,0.38934,1.94670
257 ,129682 ,0.32955,1.64777
258 ,130188 ,0.30089,1.50444
259 ,130692 ,0.31540,1.57702
260 ,131197 ,0.28792,1.43960
261 ,131701 ,0.29437,1.47185
262 ,132205 ,0.32523,1.62617
263 ,132710 ,0.52430,2.62148
264 ,133215 ,0.32050,1.60249
265 ,133720 ,0.32874,1.64370
266 ,134224 ,0.30301,1.51504
267 ,134729 ,0.28917,1.44586
268 ,135233 ,0.30050,1.50252
269 ,135740 ,0.34611,1.73053
270 ,136246 ,0.37740,1.88698
271 ,136750 ,0.34727,1.73635
272 ,137254 ,0.31916,1.59580
273 ,137759 ,0.34658,1.73291
274 ,138263 ,0.43354,2.16770
275 ,138767 ,0.33043,1.65215
276 ,139273 ,0.25211,1.26054
277 ,139778 ,0.21580,1.07900

sample ID, execution time, extra probe , dut probe
1 ,507 ,0.33638,1.68189
2 ,1011 ,0.32217,1.61083
3 ,1515 ,0.22769,1.13847
4 ,2020 ,0.20951,1.04756
5 ,2525 ,0.20989,1.04944
6 ,3029 ,0.22062,1.10310
7 ,3533 ,0.41808,2.09038
8 ,4040 ,0.37676,1.88379
9 ,4544 ,0.33049,1.65246
10 ,5048 ,0.36659,1.83296
11 ,5552 ,0.29537,1.47685
12 ,6056 ,0.29055,1.45275
13 ,6560 ,0.31666,1.58328
14 ,7065 ,0.32473,1.62366
15 ,7569 ,0.31175,1.55877
16 ,8074 ,0.29614,1.48070
17 ,8578 ,0.30107,1.50534
18 ,9082 ,0.29055,1.45275
19 ,9586 ,0.30639,1.53195
20 ,10091 ,0.30482,1.52412
21 ,10595 ,0.29564,1.47820
22 ,11100 ,0.32006,1.60031
23 ,11604 ,0.30651,1.53257
24 ,12109 ,0.29618,1.48092
25 ,12613 ,0.29443,1.47216
26 ,13118 ,0.32144,1.60718
27 ,13625 ,0.39020,1.95100
28 ,14130 ,0.31250,1.56252
29 ,14635 ,0.38095,1.90476
30 ,15140 ,0.31631,1.58157
31 ,15644 ,0.32060,1.60300
32 ,16148 ,0.29443,1.47216
33 ,16653 ,0.32012,1.60062
34 ,17157 ,0.32361,1.61803
35 ,17661 ,0.30889,1.54447
36 ,18165 ,0.32336,1.61678
37 ,18669 ,0.30727,1.53633
38 ,19174 ,0.29533,1.47664
39 ,19679 ,0.27772,1.38858
40 ,20184 ,0.27083,1.35415
41 ,20689 ,0.34873,1.74365
42 ,21193 ,0.29443,1.47216
43 ,21697 ,0.28905,1.44524
44 ,22202 ,0.30364,1.51818
45 ,22709 ,0.29552,1.47758
46 ,23214 ,0.30050,1.50252
47 ,23718 ,0.30827,1.54134
48 ,24222 ,0.31108,1.55542
49 ,24726 ,0.35347,1.76734
50 ,25231 ,0.31581,1.57907
51 ,25736 ,0.42518,2.12588
52 ,26240 ,0.42296,2.11480
53 ,26744 ,0.39923,1.99616
54 ,27248 ,0.48982,2.44911
55 ,27752 ,0.47442,2.37211
56 ,28257 ,0.49007,2.45035
57 ,28762 ,0.46003,2.30014
58 ,29266 ,0.48870,2.44348
59 ,29770 ,0.49852,2.49262
60 ,30274 ,0.51574,2.57871
61 ,30778 ,0.44629,2.23144
62 ,31284 ,0.33749,1.68743
63 ,31788 ,0.33700,1.68502
64 ,32295 ,0.29424,1.47122
65 ,32799 ,0.29662,1.48311
66 ,33304 ,0.28316,1.41581
67 ,33808 ,0.29439,1.47196
68 ,34313 ,0.28771,1.43854
69 ,34818 ,0.28379,1.41894
70 ,35322 ,0.31666,1.58328
71 ,35826 ,0.30958,1.54791
72 ,36330 ,0.36831,1.84153
73 ,36835 ,0.34398,1.71991
74 ,37340 ,0.32050,1.60249
75 ,37844 ,0.31102,1.55511
76 ,38348 ,0.31002,1.55010
77 ,38852 ,0.30057,1.50284
78 ,39358 ,0.32418,1.62092
79 ,39862 ,0.34242,1.71210
80 ,40366 ,0.34859,1.74293
81 ,40870 ,0.34495,1.72477
82 ,41377 ,0.32336,1.61678
83 ,41881 ,0.34802,1.74011
84 ,42385 ,0.33861,1.69306
85 ,42891 ,0.34617,1.73084
86 ,43395 ,0.34139,1.70693
87 ,43899 ,0.32079,1.60394
88 ,44403 ,0.30000,1.50002
89 ,44907 ,0.30595,1.52976
90 ,45411 ,0.31225,1.56127
91 ,45917 ,0.30376,1.51880
92 ,46421 ,0.43980,2.19901
93 ,46925 ,0.45032,2.25159
94 ,47429 ,0.40793,2.03967
95 ,47934 ,0.35379,1.76894
96 ,48439 ,0.32194,1.60968
97 ,48943 ,0.30439,1.52193
98 ,49447 ,0.31591,1.57953
99 ,49951 ,0.31234,1.56168
100 ,50458 ,0.32192,1.60958
101 ,50963 ,0.33030,1.65152
102 ,51468 ,0.33874,1.69368
103 ,51972 ,0.32023,1.60113
104 ,52476 ,0.30257,1.51285
105 ,52980 ,0.27146,1.35728
106 ,53485 ,0.25856,1.29279
107 ,53989 ,0.37840,1.89198
108 ,54495 ,0.30807,1.54035
109 ,54999 ,0.30113,1.50565
110 ,55503 ,0.31040,1.55198
111 ,56008 ,0.32398,1.61991
112 ,56512 ,0.30758,1.53789
113 ,57016 ,0.29520,1.47602
114 ,57521 ,0.35359,1.76797
115 ,58026 ,0.34411,1.72054
116 ,58530 ,0.39160,1.95798
117 ,59034 ,0.34458,1.72289
118 ,59541 ,0.30357,1.51786
119 ,60045 ,0.30994,1.54972
120 ,60550 ,0.31716,1.58579
121 ,61054 ,0.30144,1.50722
122 ,61558 ,0.30151,1.50753
123 ,62062 ,0.29149,1.45745
124 ,62568 ,0.29096,1.45478
125 ,63072 ,0.28815,1.44073
126 ,63577 ,0.27490,1.37449
127 ,64081 ,0.34965,1.74825
128 ,64585 ,0.31497,1.57483
129 ,65090 ,0.28955,1.44774
130 ,65594 ,0.28908,1.44541
131 ,66100 ,0.28915,1.44573
132 ,66604 ,0.29700,1.48499
133 ,67108 ,0.32580,1.62898
134 ,67612 ,0.30620,1.53101
135 ,68119 ,0.30270,1.51348
136 ,68623 ,0.36078,1.80392
137 ,69129 ,0.35616,1.78081
138 ,69633 ,0.47405,2.37023
139 ,70137 ,0.37125,1.85624
140 ,70641 ,0.32473,1.62366
141 ,71147 ,0.30101,1.50506
142 ,71651 ,0.27984,1.39920
143 ,72157 ,0.30470,1.52348
144 ,72661 ,0.29086,1.45432
145 ,73165 ,0.28623,1.43115
146 ,73670 ,0.27584,1.37919
147 ,74174 ,0.29124,1.45619
148 ,74678 ,0.27678,1.38389
149 ,75183 ,0.29424,1.47122
150 ,75687 ,0.29143,1.45713
151 ,76191 ,0.29487,1.47435
152 ,76696 ,0.28398,1.41988
153 ,77203 ,0.28702,1.43511
154 ,77708 ,0.27996,1.39982
155 ,78212 ,0.32066,1.60332
156 ,78716 ,0.30451,1.52256
157 ,79221 ,0.34664,1.73322
158 ,79725 ,0.35604,1.78018
159 ,80229 ,0.32162,1.60811
160 ,80735 ,0.41756,2.08779
161 ,81239 ,0.36768,1.83840
162 ,81743 ,0.34859,1.74293
163 ,82247 ,0.37732,1.88661
164 ,82753 ,0.38908,1.94538
165 ,83257 ,0.37727,1.88636
166 ,83763 ,0.31382,1.56908
167 ,84267 ,0.29982,1.49908
168 ,84771 ,0.30464,1.52318
169 ,85275 ,0.29612,1.48061
170 ,85780 ,0.29712,1.48562
171 ,86287 ,0.28989,1.44947
172 ,86792 ,0.32475,1.62373
173 ,87296 ,0.38508,1.92542
174 ,87800 ,0.44337,2.21685
175 ,88305 ,0.43943,2.19713
176 ,88809 ,0.38083,1.90413
177 ,89313 ,0.29826,1.49132
178 ,89818 ,0.30783,1.53915
179 ,90322 ,0.44249,2.21247
180 ,90826 ,0.48945,2.44724
181 ,91330 ,0.46090,2.30450
182 ,91835 ,0.34835,1.74177
183 ,92340 ,0.31238,1.56190
184 ,92844 ,0.28823,1.44117
185 ,93349 ,0.29237,1.46183
186 ,93853 ,0.29581,1.47904
187 ,94357 ,0.30176,1.50878
188 ,94864 ,0.29958,1.49788
189 ,95370 ,0.30070,1.50350
190 ,95874 ,0.29343,1.46715
191 ,96378 ,0.25962,1.29812
192 ,96883 ,0.33243,1.66217
193 ,97387 ,0.28648,1.43240
194 ,97891 ,0.30819,1.54097
195 ,98397 ,0.29196,1.45978
196 ,98901 ,0.27978,1.39891
197 ,99405 ,0.29443,1.47216
198 ,99910 ,0.29136,1.45682
199 ,100414 ,0.29856,1.49282
200 ,100919 ,0.29858,1.49288
201 ,101423 ,0.29237,1.46183
202 ,101927 ,0.31747,1.58735
203 ,102432 ,0.51868,2.59342
204 ,102936 ,0.36349,1.81743
205 ,103441 ,0.32331,1.61655
206 ,103948 ,0.29814,1.49070
207 ,104453 ,0.30119,1.50597
208 ,104957 ,0.28560,1.42802
209 ,105462 ,0.28930,1.44649
210 ,105966 ,0.29381,1.46903
211 ,106472 ,0.29989,1.49944
212 ,106976 ,0.33461,1.67307
213 ,107480 ,0.32717,1.63587
214 ,107985 ,0.31252,1.56262
215 ,108489 ,0.32755,1.63775
216 ,108993 ,0.29330,1.46652
217 ,109498 ,0.28015,1.40076
218 ,110004 ,0.25692,1.28459
219 ,110508 ,0.31027,1.55135
220 ,111012 ,0.33882,1.69409
221 ,111517 ,0.32686,1.63431
222 ,112021 ,0.28736,1.43679
223 ,112528 ,0.33811,1.69056
224 ,113034 ,0.32119,1.60593
225 ,113538 ,0.35497,1.77485
226 ,114042 ,0.34583,1.72915
227 ,114547 ,0.29687,1.48437
228 ,115051 ,0.30877,1.54384
229 ,115556 ,0.31912,1.59562
230 ,116061 ,0.28939,1.44697
231 ,116566 ,0.28147,1.40736
232 ,117070 ,0.29312,1.46559
233 ,117574 ,0.28698,1.43491
234 ,118079 ,0.29368,1.46840
235 ,118583 ,0.28190,1.40950
236 ,119088 ,0.28291,1.41456
237 ,119592 ,0.25123,1.25617
238 ,120097 ,0.26000,1.29999
239 ,120601 ,0.42152,2.10760
240 ,121108 ,0.30939,1.54697
241 ,121613 ,0.30913,1.54566
242 ,122117 ,0.29368,1.46840
243 ,122621 ,0.28172,1.40861
244 ,123126 ,0.29775,1.48875
245 ,123630 ,0.33281,1.66404
246 ,124134 ,0.30201,1.51006
247 ,124640 ,0.36178,1.80891
248 ,125144 ,0.46491,2.32453
249 ,125649 ,0.37125,1.85624
250 ,126153 ,0.35710,1.78550
251 ,126657 ,0.33318,1.66592
252 ,127162 ,0.33155,1.65777
253 ,127667 ,0.29477,1.47383
254 ,128172 ,0.32229,1.61146
255 ,128676 ,0.32223,1.61114
256 ,129181 ,0.32511,1.62554
257 ,129688 ,0.29725,1.48625
258 ,130192 ,0.30251,1.51256
259 ,130698 ,0.34273,1.71367
260 ,131202 ,0.31565,1.57827
261 ,131706 ,0.30288,1.51442
262 ,132211 ,0.29506,1.47529
263 ,132715 ,0.29737,1.48687
264 ,133220 ,0.32475,1.62373
265 ,133725 ,0.30720,1.53598
266 ,134229 ,0.32085,1.60426
267 ,134734 ,0.40988,2.04938
268 ,135238 ,0.35635,1.78174
269 ,135742 ,0.40136,2.00681
270 ,136247 ,0.31375,1.56877
271 ,136751 ,0.32505,1.62523
272 ,137255 ,0.63826,3.19130
273 ,137760 ,0.55368,2.76840
274 ,138266 ,0.27947,1.39735
275 ,138771 ,0.24172,1.20859
276 ,139276 ,0.23019,1.15093
277 ,139780 ,0.23821,1.19106

sample ID, execution time, extra probe , dut probe
1 ,507 ,0.26282,1.31408
2 ,1012 ,0.20177,1.00884
3 ,1516 ,0.22338,1.11688
4 ,2020 ,0.20071,1.00356
5 ,2524 ,0.32943,1.64714
6 ,3028 ,0.54886,2.74430
7 ,3532 ,0.38940,1.94702
8 ,4036 ,0.48282,2.41412
9 ,4540 ,0.64358,3.21791
10 ,5044 ,0.53584,2.67919
11 ,5548 ,0.44982,2.24909
12 ,6052 ,0.31127,1.55636
13 ,6556 ,0.31338,1.56689
14 ,7064 ,0.32050,1.60249
15 ,7568 ,0.31822,1.59111
16 ,8072 ,0.26883,1.34413
17 ,8577 ,0.26501,1.32504
18 ,9081 ,0.41758,2.08788
19 ,9585 ,0.36753,1.83764
20 ,10090 ,0.37209,1.86044
21 ,10594 ,0.38740,1.93700
22 ,11098 ,0.32893,1.64464
23 ,11603 ,0.30219,1.51097
24 ,12107 ,0.30019,1.50096
25 ,12611 ,0.32556,1.62779
26 ,13115 ,0.53277,2.66385
27 ,13620 ,0.39491,1.97456
28 ,14125 ,0.43692,2.18459
29 ,14629 ,0.34495,1.72477
30 ,15133 ,0.29889,1.49444
31 ,15639 ,0.35860,1.79299
32 ,16145 ,0.33744,1.68721
33 ,16650 ,0.32567,1.62836
34 ,17154 ,0.29374,1.46872
35 ,17658 ,0.30601,1.53007
36 ,18162 ,0.33280,1.66401
37 ,18668 ,0.35779,1.78893
38 ,19173 ,0.33536,1.67682
39 ,19677 ,0.31472,1.57358
40 ,20181 ,0.33318,1.66592
41 ,20685 ,0.33738,1.68689
42 ,21190 ,0.33336,1.66682
43 ,21695 ,0.33555,1.67775
44 ,22199 ,0.31703,1.58516
45 ,22703 ,0.39529,1.97644
46 ,23208 ,0.33018,1.65090
47 ,23713 ,0.32412,1.62060
48 ,24217 ,0.37184,1.85919
49 ,24721 ,0.39059,1.95297
50 ,25225 ,0.40218,2.01088
51 ,25732 ,0.30163,1.50816
52 ,26236 ,0.31378,1.56888
53 ,26742 ,0.31500,1.57501
54 ,27246 ,0.30026,1.50131
55 ,27750 ,0.29644,1.48218
56 ,28254 ,0.29055,1.45275
57 ,28758 ,0.29687,1.48437
58 ,29263 ,0.29957,1.49783
59 ,29767 ,0.27397,1.36984
60 ,30273 ,0.24767,1.23837
61 ,30777 ,0.35278,1.76390
62 ,31281 ,0.28867,1.44336
63 ,31785 ,0.30338,1.51692
64 ,32289 ,0.30163,1.50816
65 ,32794 ,0.30364,1.51818
66 ,33298 ,0.34420,1.72101
67 ,33802 ,0.33350,1.66749
68 ,34306 ,0.30864,1.54322
69 ,34813 ,0.32592,1.62961
70 ,35319 ,0.29683,1.48414
71 ,35823 ,0.33942,1.69711
72 ,36327 ,0.39216,1.96079
73 ,36831 ,0.33444,1.67218
74 ,37335 ,0.40912,2.04562
75 ,37841 ,0.39426,1.97130
76 ,38345 ,0.33343,1.66714
77 ,38850 ,0.33112,1.65558
78 ,39356 ,0.32787,1.63934
79 ,39860 ,0.31929,1.59643
80 ,40364 ,0.30958,1.54791
81 ,40868 ,0.31728,1.58641
82 ,41373 ,0.30769,1.53847
83 ,41878 ,0.30445,1.52224
84 ,42382 ,0.32329,1.61646
85 ,42886 ,0.32755,1.63775
86 ,43391 ,0.30733,1.53664
87 ,43897 ,0.30332,1.51661
88 ,44402 ,0.32056,1.60281
89 ,44907 ,0.36722,1.83608
90 ,45411 ,0.42546,2.12732
91 ,45915 ,0.49865,2.49325
92 ,46419 ,0.38446,1.92229
93 ,46923 ,0.40005,2.00023
94 ,47427 ,0.38002,1.90010
95 ,47932 ,0.33106,1.65528
96 ,48436 ,0.32379,1.61897
97 ,48940 ,0.30958,1.54791
98 ,49444 ,0.29838,1.49188
99 ,49949 ,0.30720,1.53598
100 ,50454 ,0.30907,1.54534
101 ,50958 ,0.30495,1.52475
102 ,51462 ,0.31403,1.57014
103 ,51967 ,0.31878,1.59392
104 ,52471 ,0.30507,1.52537
105 ,52978 ,0.31375,1.56877
106 ,53483 ,0.29920,1.49600
107 ,53987 ,0.31221,1.56106
108 ,54492 ,0.28454,1.42270
109 ,54996 ,0.29043,1.45213
110 ,55500 ,0.28855,1.44273
111 ,56005 ,0.29308,1.46540
112 ,56509 ,0.31991,1.59956
113 ,57013 ,0.34427,1.72133
114 ,57518 ,0.31547,1.57734
115 ,58022 ,0.36737,1.83683
116 ,58526 ,0.43148,2.15742
117 ,59032 ,0.39164,1.95819
118 ,59536 ,0.31522,1.57608
119 ,60040 ,0.30082,1.50409
120 ,60545 ,0.30163,1.50816
121 ,61049 ,0.29625,1.48124
122 ,61553 ,0.29464,1.47321
123 ,62061 ,0.29008,1.45041
124 ,62565 ,0.31346,1.56732
125 ,63071 ,0.30826,1.54129
126 ,63575 ,0.31591,1.57953
127 ,64079 ,0.28667,1.43334
128 ,64584 ,0.29633,1.48164
129 ,65089 ,0.28858,1.44291
130 ,65594 ,0.26501,1.32504
131 ,66098 ,0.31134,1.55668
132 ,66602 ,0.29343,1.46715
133 ,67107 ,0.28041,1.40204
134 ,67611 ,0.37746,1.88730
135 ,68115 ,0.43892,2.19462
136 ,68620 ,0.39948,1.99742
137 ,69124 ,0.35647,1.78237
138 ,69628 ,0.34427,1.72133
139 ,70132 ,0.29808,1.49038
140 ,70638 ,0.30295,1.51474
141 ,71145 ,0.28711,1.43553
142 ,71649 ,0.29788,1.48938
143 ,72153 ,0.29593,1.47967
144 ,72658 ,0.29982,1.49908
145 ,73163 ,0.31063,1.55315
146 ,73667 ,0.31681,1.58407
147 ,74172 ,0.31465,1.57327
148 ,74676 ,0.31509,1.57546
149 ,75180 ,0.30038,1.50190
150 ,75684 ,0.26989,1.34945
151 ,76189 ,0.36347,1.81735
152 ,76694 ,0.32044,1.60218
153 ,77199 ,0.28535,1.42677
154 ,77703 ,0.29925,1.49626
155 ,78207 ,0.29024,1.45119
156 ,78712 ,0.31797,1.58986
157 ,79216 ,0.33174,1.65870
158 ,79723 ,0.34614,1.73072
159 ,80227 ,0.39967,1.99835
160 ,80731 ,0.33800,1.69002
161 ,81235 ,0.33450,1.67250
162 ,81740 ,0.31822,1.59111
163 ,82244 ,0.30020,1.50100
164 ,82748 ,0.32267,1.61333
165 ,83253 ,0.28736,1.43679
166 ,83757 ,0.28441,1.42207
167 ,84261 ,0.27747,1.38733
168 ,84766 ,0.34386,1.71929
169 ,85271 ,0.40731,2.03657
170 ,85775 ,0.37682,1.88410
171 ,86280 ,0.32398,1.61991
172 ,86784 ,0.32035,1.60175
173 ,87288 ,0.30651,1.53257
174 ,87793 ,0.30520,1.52598
175 ,88298 ,0.29258,1.46290
176 ,88805 ,0.29374,1.46872
177 ,89309 ,0.28748,1.43741
178 ,89814 ,0.39066,1.95328
179 ,90318 ,0.33569,1.67844
180 ,90822 ,0.38820,1.94101
181 ,91328 ,0.34373,1.71866
182 ,91832 ,0.30664,1.53320
183 ,92336 ,0.29011,1.45056
184 ,92841 ,0.29049,1.45244
185 ,93345 ,0.28867,1.44336
186 ,93850 ,0.28946,1.44729
187 ,94354 ,0.28729,1.43647
188 ,94858 ,0.28729,1.43647
189 ,95363 ,0.27778,1.38889
190 ,95867 ,0.30971,1.54854
191 ,96371 ,0.30126,1.50631
192 ,96876 ,0.28542,1.42708
193 ,97380 ,0.28373,1.41863
194 ,97887 ,0.27214,1.36072
195 ,98391 ,0.27728,1.38639
196 ,98896 ,0.26595,1.32973
197 ,99400 ,0.32400,1.61998
198 ,99905 ,0.28933,1.44666
199 ,100410 ,0.28736,1.43679
200 ,100914 ,0.44437,2.22186
201 ,101418 ,0.47668,2.38338
202 ,101923 ,0.44512,2.22561
203 ,102427 ,0.41400,2.06998
204 ,102931 ,0.30996,1.54979
205 ,103436 ,0.31346,1.56732
206 ,103940 ,0.30257,1.51285
207 ,104444 ,0.31102,1.55511
208 ,104950 ,0.30445,1.52224
209 ,105454 ,0.30095,1.50475
210 ,105959 ,0.31484,1.57421
211 ,106465 ,0.33087,1.65434
212 ,106970 ,0.35873,1.79364
213 ,107474 ,0.29819,1.49094
214 ,107980 ,0.28090,1.40450
215 ,108484 ,0.26466,1.32331
216 ,108989 ,0.28091,1.40455
217 ,109493 ,0.36812,1.84059
218 ,109997 ,0.30126,1.50628
219 ,110502 ,0.32818,1.64088
220 ,111006 ,0.31194,1.55971
221 ,111512 ,0.31125,1.55627
222 ,112016 ,0.39360,1.96799
223 ,112520 ,0.29844,1.49219
224 ,113025 ,0.39385,1.96924
225 ,113529 ,0.36123,1.80616
226 ,114034 ,0.31269,1.56346
227 ,114539 ,0.47745,2.38727
228 ,115047 ,0.54172,2.70861
229 ,115551 ,0.51624,2.58121
230 ,116056 ,0.36086,1.80428
231 ,116561 ,0.47202,2.36010
232 ,117065 ,0.77119,3.85595
233 ,117570 ,0.66351,3.31757
234 ,118074 ,0.40700,2.03498
235 ,118579 ,0.29249,1.46245
236 ,119083 ,0.30382,1.51911
237 ,119588 ,0.26770,1.33850
238 ,120092 ,0.25386,1.26928
239 ,120598 ,0.38158,1.90791
240 ,121102 ,0.29136,1.45682
241 ,121607 ,0.29274,1.46371
242 ,122111 ,0.29262,1.46308
243 ,122615 ,0.31515,1.57577
244 ,123120 ,0.29102,1.45509
245 ,123628 ,0.29951,1.49756
246 ,124132 ,0.34796,1.73980
247 ,124637 ,0.34239,1.71194
248 ,125141 ,0.32905,1.64526
249 ,125645 ,0.32511,1.62554
250 ,126150 ,0.32487,1.62435
251 ,126655 ,0.33043,1.65215
252 ,127160 ,0.31184,1.55918
253 ,127664 ,0.34182,1.70912
254 ,128169 ,0.30745,1.53727
255 ,128673 ,0.33231,1.66154
256 ,129178 ,0.39164,1.95819
257 ,129682 ,0.33788,1.68940
258 ,130186 ,0.33838,1.69190
259 ,130691 ,0.35234,1.76171
260 ,131195 ,0.33512,1.67562
261 ,131699 ,0.38645,1.93227
262 ,132207 ,0.42543,2.12713
263 ,132713 ,0.34948,1.74739
264 ,133217 ,0.32342,1.61709
265 ,133722 ,0.42171,2.10854
266 ,134226 ,0.37313,1.86563
267 ,134732 ,0.37946,1.89729
268 ,135236 ,0.38058,1.90291
269 ,135740 ,0.31597,1.57984
270 ,136245 ,0.37400,1.87001
271 ,136749 ,0.41363,2.06816
272 ,137253 ,0.40117,2.00587
273 ,137758 ,0.28783,1.43917
274 ,138264 ,0.20133,1.00665

sample ID, execution time, extra probe , dut probe
1 ,507 ,0.26401,1.32003
2 ,1012 ,0.20572,1.02860
3 ,1516 ,0.21649,1.08244
4 ,2024 ,0.19833,0.99166
5 ,2527 ,0.25881,1.29405
6 ,3031 ,0.41764,2.08819
7 ,3535 ,0.35103,1.75513
8 ,4039 ,0.30426,1.52130
9 ,4543 ,0.31096,1.55480
10 ,5047 ,0.32912,1.64559
11 ,5551 ,0.33456,1.67281
12 ,6055 ,0.30426,1.52130
13 ,6559 ,0.31234,1.56168
14 ,7063 ,0.30257,1.51285
15 ,7568 ,0.32268,1.61342
16 ,8073 ,0.30595,1.52973
17 ,8577 ,0.38915,1.94577
18 ,9081 ,0.41889,2.09445
19 ,9585 ,0.38270,1.91352
20 ,10089 ,0.30395,1.51974
21 ,10594 ,0.30607,1.53035
22 ,11099 ,0.30732,1.53660
23 ,11606 ,0.31396,1.56982
24 ,12110 ,0.30420,1.52099
25 ,12614 ,0.36993,1.84967
26 ,13118 ,0.38183,1.90914
27 ,13623 ,0.36110,1.80548
28 ,14128 ,0.47920,2.39601
29 ,14632 ,0.50911,2.54553
30 ,15136 ,0.44587,2.22937
31 ,15640 ,0.49871,2.49356
32 ,16144 ,0.42780,2.13900
33 ,16650 ,0.36897,1.84483
34 ,17154 ,0.32805,1.64025
35 ,17658 ,0.30789,1.53946
36 ,18162 ,0.30313,1.51567
37 ,18666 ,0.35954,1.79771
38 ,19171 ,0.30226,1.51131
39 ,19676 ,0.32000,1.59999
40 ,20180 ,0.31484,1.57420
41 ,20687 ,0.31409,1.57045
42 ,21191 ,0.31171,1.55855
43 ,21695 ,0.33231,1.66154
44 ,22200 ,0.30120,1.50600
45 ,22705 ,0.30057,1.50287
46 ,23209 ,0.35203,1.76014
47 ,23713 ,0.38045,1.90226
48 ,24218 ,0.38746,1.93732
49 ,24723 ,0.50899,2.54497
50 ,25227 ,0.31956,1.59781
51 ,25731 ,0.30338,1.51692
52 ,26236 ,0.28529,1.42646
53 ,26740 ,0.30032,1.50158
54 ,27244 ,0.28272,1.41362
55 ,27748 ,0.29539,1.47695
56 ,28253 ,0.26845,1.34225
57 ,28757 ,0.28648,1.43240
58 ,29261 ,0.26444,1.32222
59 ,29775 ,0.26933,1.34664
60 ,30279 ,0.26338,1.31690
61 ,30784 ,0.26720,1.33599
62 ,31288 ,0.26660,1.33299
63 ,31794 ,0.26947,1.34736
64 ,32298 ,0.30169,1.50847
65 ,32802 ,0.26914,1.34570
66 ,33306 ,0.28072,1.40361
67 ,33811 ,0.28379,1.41894
68 ,34315 ,0.27172,1.35860
69 ,34819 ,0.30914,1.54572
70 ,35323 ,0.31584,1.57921
71 ,35828 ,0.35203,1.76014
72 ,36332 ,0.39473,1.97363
73 ,36836 ,0.35572,1.77862
74 ,37342 ,0.32212,1.61061
75 ,37846 ,0.32561,1.62804
76 ,38350 ,0.32198,1.60989
77 ,38854 ,0.32624,1.63118
78 ,39361 ,0.31985,1.59925
79 ,39865 ,0.34180,1.70898
80 ,40370 ,0.31900,1.59500
81 ,40874 ,0.32636,1.63180
82 ,41378 ,0.38915,1.94577
83 ,41883 ,0.40869,2.04343
84 ,42388 ,0.42099,2.10496
85 ,42892 ,0.32568,1.62841
86 ,43396 ,0.33494,1.67469
87 ,43900 ,0.38195,1.90977
88 ,44404 ,0.43379,2.16895
89 ,44909 ,0.39673,1.98364
90 ,45413 ,0.33262,1.66308
91 ,45918 ,0.41943,2.09715
92 ,46423 ,0.39034,1.95171
93 ,46927 ,0.45069,2.25347
94 ,47431 ,0.34026,1.70129
95 ,47935 ,0.29268,1.46339
96 ,48442 ,0.31319,1.56596
97 ,48948 ,0.29264,1.46321
98 ,49452 ,0.29775,1.48875
99 ,49956 ,0.30808,1.54040
100 ,50460 ,0.28617,1.43084
101 ,50965 ,0.28805,1.44023
102 ,51469 ,0.29683,1.48414
103 ,51975 ,0.27615,1.38077
104 ,52479 ,0.25724,1.28622
105 ,52983 ,0.34752,1.73760
106 ,53487 ,0.31678,1.58391
107 ,53993 ,0.33911,1.69555
108 ,54497 ,0.29733,1.48663
109 ,55002 ,0.29687,1.48437
110 ,55506 ,0.28711,1.43553
111 ,56010 ,0.28579,1.42896
112 ,56515 ,0.31760,1.58798
113 ,57019 ,0.40407,2.02033
114 ,57527 ,0.49026,2.45129
115 ,58031 ,0.52357,2.61783
116 ,58536 ,0.43285,2.16426
117 ,59040 ,0.30839,1.54196
118 ,59544 ,0.29762,1.48812
119 ,60050 ,0.30801,1.54004
120 ,60554 ,0.29345,1.46727
121 ,61058 ,0.28316,1.41581
122 ,61563 ,0.28855,1.44273
123 ,62067 ,0.28141,1.40705
124 ,62571 ,0.27152,1.35759
125 ,63076 ,0.26753,1.33767
126 ,63581 ,0.34030,1.70149
127 ,64086 ,0.28210,1.41049
128 ,64590 ,0.28579,1.42896
129 ,65094 ,0.27790,1.38952
130 ,65598 ,0.28329,1.41644
131 ,66105 ,0.31631,1.58157
132 ,66611 ,0.29770,1.48851
133 ,67115 ,0.28811,1.44054
134 ,67619 ,0.28617,1.43084
135 ,68124 ,0.43385,2.16927
136 ,68628 ,0.39166,1.95829
137 ,69132 ,0.45647,2.28234
138 ,69636 ,0.50691,2.53457
139 ,70140 ,0.47467,2.37336
140 ,70645 ,0.35290,1.76452
141 ,71149 ,0.41996,2.09978
142 ,71653 ,0.35435,1.77175
143 ,72159 ,0.31450,1.57251
144 ,72663 ,0.31321,1.56607
145 ,73167 ,0.31083,1.55417
146 ,73672 ,0.34195,1.70975
147 ,74176 ,0.33293,1.66467
148 ,74680 ,0.31026,1.55128
149 ,75188 ,0.30026,1.50131
150 ,75693 ,0.31058,1.55292
151 ,76197 ,0.30714,1.53570
152 ,76701 ,0.36981,1.84904
153 ,77205 ,0.38020,1.90100
154 ,77710 ,0.31825,1.59125
155 ,78215 ,0.30551,1.52754
156 ,78720 ,0.41363,2.06816
157 ,79224 ,0.34646,1.73228
158 ,79728 ,0.38189,1.90946
159 ,80232 ,0.30338,1.51692
160 ,80737 ,0.29189,1.45947
161 ,81241 ,0.28323,1.41613
162 ,81746 ,0.30971,1.54854
163 ,82250 ,0.27603,1.38013
164 ,82754 ,0.28385,1.41926
165 ,83259 ,0.28840,1.44198
166 ,83764 ,0.29745,1.48726
167 ,84271 ,0.28423,1.42114
168 ,84775 ,0.29061,1.45306
169 ,85280 ,0.27246,1.36229
170 ,85784 ,0.25518,1.27589
171 ,86290 ,0.28390,1.41949
172 ,86794 ,0.28890,1.44448
173 ,87299 ,0.29274,1.46371
174 ,87803 ,0.32793,1.63963
175 ,88307 ,0.30482,1.52412
176 ,88811 ,0.31108,1.55542
177 ,89316 ,0.31307,1.56533
178 ,89821 ,0.30963,1.54815
179 ,90325 ,0.35741,1.78706
180 ,90830 ,0.31791,1.58954
181 ,91334 ,0.34201,1.71006
182 ,91838 ,0.30614,1.53069
183 ,92343 ,0.30282,1.51412
184 ,92850 ,0.29650,1.48249
185 ,93354 ,0.29180,1.45901
186 ,93858 ,0.29212,1.46058
187 ,94362 ,0.29650,1.48249
188 ,94867 ,0.28385,1.41926
189 ,95371 ,0.27853,1.39264
190 ,95876 ,0.28510,1.42552
191 ,96380 ,0.29813,1.49063
192 ,96884 ,0.27997,1.39985
193 ,97389 ,0.27853,1.39265
194 ,97893 ,0.28015,1.40076
195 ,98398 ,0.27209,1.36047
196 ,98903 ,0.28166,1.40830
197 ,99407 ,0.28091,1.40455
198 ,99911 ,0.27565,1.37825
199 ,100416 ,0.31766,1.58829
200 ,100920 ,0.33686,1.68431
201 ,101426 ,0.33605,1.68025
202 ,101932 ,0.44218,2.21090
203 ,102438 ,0.50912,2.54560
204 ,102942 ,0.45364,2.26818
205 ,103446 ,0.47824,2.39120
206 ,103951 ,0.58569,2.92846
207 ,104456 ,0.57226,2.86132
208 ,104960 ,0.63144,3.15718
209 ,105464 ,0.51937,2.59686
210 ,105969 ,0.47023,2.35114
211 ,106473 ,0.38133,1.90664
212 ,106978 ,0.39613,1.98067
213 ,107483 ,0.37840,1.89198
214 ,107987 ,0.31102,1.55511
215 ,108492 ,0.30676,1.53382
216 ,108996 ,0.31290,1.56450
217 ,109502 ,0.36110,1.80548
218 ,110006 ,0.41593,2.07967
219 ,110514 ,0.38914,1.94569
220 ,111018 ,0.31572,1.57859
221 ,111523 ,0.33944,1.69722
222 ,112027 ,0.50065,2.50327
223 ,112531 ,0.53803,2.69014
224 ,113036 ,0.41300,2.06499
225 ,113540 ,0.28761,1.43804
226 ,114045 ,0.28460,1.42301
227 ,114549 ,0.27221,1.36103
228 ,115053 ,0.28060,1.40298
229 ,115559 ,0.27134,1.35672
230 ,116063 ,0.27141,1.35704
231 ,116568 ,0.28348,1.41738
232 ,117072 ,0.26726,1.33631
233 ,117577 ,0.26945,1.34726
234 ,118081 ,0.27058,1.35290
235 ,118586 ,0.26654,1.33268
236 ,119093 ,0.25411,1.27057
237 ,119597 ,0.25656,1.28278
238 ,120101 ,0.34539,1.72696
239 ,120606 ,0.27859,1.39296
240 ,121110 ,0.26269,1.31345
241 ,121615 ,0.26510,1.32550
242 ,122120 ,0.26354,1.31769
243 ,122625 ,0.27684,1.38420
244 ,123129 ,0.35841,1.79207
245 ,123634 ,0.41307,2.06534
246 ,124138 ,0.46522,2.32609
247 ,124643 ,0.31307,1.56533
248 ,125148 ,0.30314,1.51568
249 ,125653 ,0.29205,1.46026
250 ,126157 ,0.28179,1.40893
251 ,126662 ,0.28942,1.44712
252 ,127166 ,0.27484,1.37418
253 ,127673 ,0.28315,1.41575
254 ,128179 ,0.25673,1.28365
255 ,128683 ,0.31328,1.56638
256 ,129187 ,0.28266,1.41331
257 ,129692 ,0.28560,1.42802
258 ,130196 ,0.28554,1.42771
259 ,130701 ,0.29196,1.45978
260 ,131206 ,0.27909,1.39545
261 ,131711 ,0.28755,1.43773
262 ,132215 ,0.28598,1.42990
263 ,132720 ,0.29443,1.47216
264 ,133224 ,0.31947,1.59737
265 ,133729 ,0.32637,1.63185
266 ,134233 ,0.42678,2.13389
267 ,134737 ,0.43379,2.16895
268 ,135242 ,0.43880,2.19400
269 ,135746 ,0.44556,2.22780
270 ,136254 ,0.47414,2.37072
271 ,136758 ,0.43124,2.15618
272 ,137263 ,0.34339,1.71694
273 ,137767 ,0.25505,1.27527
274 ,138272 ,0.22219,1.11093
275 ,138776 ,0.20991,1.04957

sample ID, execution time, extra probe , dut probe
1 ,508 ,0.27178,1.35891
2 ,1012 ,0.22319,1.11594
3 ,1516 ,0.27189,1.35947
4 ,2020 ,0.21129,1.05646
5 ,2525 ,0.42761,2.13806
6 ,3030 ,0.44373,2.21863
7 ,3534 ,0.29237,1.46183
8 ,4038 ,0.28548,1.42740
9 ,4542 ,0.29725,1.48625
10 ,5046 ,0.30182,1.50910
11 ,5550 ,0.30370,1.51849
12 ,6058 ,0.29408,1.47040
13 ,6562 ,0.26951,1.34757
14 ,7066 ,0.29268,1.46339
15 ,7570 ,0.32467,1.62335
16 ,8074 ,0.30320,1.51598
17 ,8579 ,0.29039,1.45197
18 ,9084 ,0.28808,1.44042
19 ,9588 ,0.29443,1.47216
20 ,10092 ,0.29456,1.47279
21 ,10597 ,0.27308,1.36542
22 ,11102 ,0.30501,1.52505
23 ,11606 ,0.34561,1.72803
24 ,12110 ,0.29600,1.47998
25 ,12614 ,0.36023,1.80115
26 ,13120 ,0.44254,2.21270
27 ,13624 ,0.41488,2.07442
28 ,14128 ,0.31731,1.58657
29 ,14634 ,0.31182,1.55908
30 ,15138 ,0.32987,1.64933
31 ,15644 ,0.32567,1.62836
32 ,16149 ,0.29618,1.48092
33 ,16653 ,0.31246,1.56231
34 ,17157 ,0.30089,1.50444
35 ,17662 ,0.32306,1.61530
36 ,18167 ,0.30276,1.51379
37 ,18671 ,0.28980,1.44900
38 ,19175 ,0.34489,1.72446
39 ,19679 ,0.34752,1.73760
40 ,20183 ,0.30470,1.52349
41 ,20688 ,0.30820,1.54102
42 ,21192 ,0.34633,1.73166
43 ,21696 ,0.30971,1.54854
44 ,22200 ,0.30301,1.51504
45 ,22704 ,0.30538,1.52692
46 ,23210 ,0.32019,1.60093
47 ,23714 ,0.46027,2.30136
48 ,24218 ,0.33569,1.67844
49 ,24725 ,0.37162,1.85812
50 ,25229 ,0.30539,1.52694
51 ,25733 ,0.29683,1.48414
52 ,26239 ,0.31912,1.59562
53 ,26743 ,0.65266,3.26330
54 ,27247 ,0.63845,3.19224
55 ,27751 ,0.55180,2.75901
56 ,28255 ,0.59005,2.95027
57 ,28759 ,0.38608,1.93039
58 ,29263 ,0.43260,2.16301
59 ,29767 ,0.31465,1.57327
60 ,30272 ,0.27784,1.38921
61 ,30776 ,0.28961,1.44806
62 ,31280 ,0.30582,1.52911
63 ,31786 ,0.28690,1.43448
64 ,32290 ,0.29099,1.45494
65 ,32794 ,0.33250,1.66248
66 ,33298 ,0.35804,1.79019
67 ,33806 ,0.37128,1.85638
68 ,34311 ,0.39570,1.97849
69 ,34815 ,0.43648,2.18241
70 ,35320 ,0.39955,1.99773
71 ,35824 ,0.47361,2.36804
72 ,36328 ,0.48519,2.42595
73 ,36832 ,0.40293,2.01463
74 ,37336 ,0.34348,1.71741
75 ,37842 ,0.34417,1.72085
76 ,38346 ,0.32843,1.64213
77 ,38850 ,0.30864,1.54322
78 ,39354 ,0.31146,1.55730
79 ,39858 ,0.31741,1.58704
80 ,40363 ,0.33230,1.66152
81 ,40867 ,0.32129,1.60645
82 ,41371 ,0.28661,1.43303
83 ,41875 ,0.30332,1.51661
84 ,42381 ,0.44710,2.23550
85 ,42888 ,0.36597,1.82984
86 ,43392 ,0.31703,1.58516
87 ,43896 ,0.34151,1.70755
88 ,44400 ,0.32592,1.62961
89 ,44904 ,0.32999,1.64996
90 ,45408 ,0.31321,1.56607
91 ,45913 ,0.38914,1.94569
92 ,46418 ,0.38333,1.91665
93 ,46922 ,0.43617,2.18085
94 ,47426 ,0.45971,2.29855
95 ,47930 ,0.44337,2.21685
96 ,48434 ,0.33062,1.65309
97 ,48939 ,0.31675,1.58376
98 ,49443 ,0.35197,1.75983
99 ,49947 ,0.38308,1.91540
100 ,50451 ,0.31766,1.58829
101 ,50956 ,0.30676,1.53382
102 ,51460 ,0.33917,1.69587
103 ,51965 ,0.33755,1.68775
104 ,52472 ,0.31453,1.57264
105 ,52977 ,0.30432,1.52162
106 ,53481 ,0.31165,1.55824
107 ,53985 ,0.32373,1.61865
108 ,54489 ,0.32306,1.61530
109 ,54995 ,0.31338,1.56689
110 ,55499 ,0.34157,1.70787
111 ,56003 ,0.31872,1.59361
112 ,56508 ,0.36687,1.83433
113 ,57012 ,0.31991,1.59956
114 ,57516 ,0.47183,2.35916
115 ,58022 ,0.34454,1.72272
116 ,58526 ,0.29650,1.48249
117 ,59030 ,0.28498,1.42489
118 ,59535 ,0.29356,1.46778
119 ,60039 ,0.28654,1.43272
120 ,60544 ,0.30339,1.51693
121 ,61052 ,0.29158,1.45790
122 ,61556 ,0.30138,1.50690
123 ,62060 ,0.30082,1.50409
124 ,62565 ,0.27058,1.35290
125 ,63069 ,0.30464,1.52318
126 ,63573 ,0.29651,1.48257
127 ,64078 ,0.29136,1.45682
128 ,64582 ,0.31565,1.57827
129 ,65086 ,0.31209,1.56043
130 ,65591 ,0.32110,1.60551
131 ,66095 ,0.30426,1.52130
132 ,66600 ,0.29889,1.49444
133 ,67105 ,0.26970,1.34851
134 ,67609 ,0.43604,2.18022
135 ,68113 ,0.47567,2.37837
136 ,68617 ,0.46916,2.34581
137 ,69122 ,0.33749,1.68743
138 ,69627 ,0.29814,1.49069
139 ,70134 ,0.28448,1.42239
140 ,70638 ,0.31428,1.57139
141 ,71143 ,0.30871,1.54353
142 ,71647 ,0.30464,1.52318
143 ,72151 ,0.28534,1.42668
144 ,72656 ,0.25543,1.27714
145 ,73160 ,0.27640,1.38201
146 ,73664 ,0.38283,1.91415
147 ,74169 ,0.29330,1.46652
148 ,74674 ,0.29358,1.46790
149 ,75179 ,0.32643,1.63216
150 ,75683 ,0.32711,1.63556
151 ,76187 ,0.29374,1.46872
152 ,76692 ,0.28567,1.42833
153 ,77196 ,0.25587,1.27934
154 ,77700 ,0.29077,1.45385
155 ,78206 ,0.34629,1.73147
156 ,78710 ,0.34527,1.72634
157 ,79217 ,0.32185,1.60926
158 ,79721 ,0.39429,1.97144
159 ,80225 ,0.37106,1.85530
160 ,80730 ,0.31382,1.56908
161 ,81235 ,0.41194,2.05968
162 ,81739 ,0.50278,2.51391
163 ,82244 ,0.44437,2.22186
164 ,82748 ,0.33732,1.68658
165 ,83252 ,0.28917,1.44587
166 ,83756 ,0.31244,1.56221
167 ,84262 ,0.32943,1.64715
168 ,84766 ,0.31221,1.56106
169 ,85270 ,0.30733,1.53664
170 ,85775 ,0.29493,1.47466
171 ,86279 ,0.29406,1.47028
172 ,86783 ,0.31275,1.56377
173 ,87287 ,0.32793,1.63963
174 ,87794 ,0.30370,1.51849
175 ,88299 ,0.32523,1.62617
176 ,88803 ,0.30727,1.53633
177 ,89307 ,0.31625,1.58126
178 ,89813 ,0.33162,1.65808
179 ,90317 ,0.31647,1.58234
180 ,90821 ,0.37932,1.89662
181 ,91326 ,0.34289,1.71444
182 ,91830 ,0.31484,1.57421
183 ,92334 ,0.34917,1.74583
184 ,92840 ,0.32606,1.63029
185 ,93344 ,0.30727,1.53633
186 ,93848 ,0.29512,1.47560
187 ,94353 ,0.31966,1.59831
188 ,94857 ,0.31340,1.56700
189 ,95362 ,0.31950,1.59750
190 ,95867 ,0.30164,1.50818
191 ,96371 ,0.31359,1.56794
192 ,96878 ,0.36292,1.81461
193 ,97382 ,0.42966,2.14829
194 ,97887 ,0.36524,1.82619
195 ,98391 ,0.34698,1.73490
196 ,98895 ,0.30639,1.53195
197 ,99400 ,0.30977,1.54885
198 ,99904 ,0.30157,1.50784
199 ,100408 ,0.36035,1.80177
200 ,100914 ,0.36328,1.81641
201 ,101418 ,0.37134,1.85669
202 ,101922 ,0.37375,1.86876
203 ,102427 ,0.31810,1.59048
204 ,102931 ,0.28535,1.42677
205 ,103436 ,0.29349,1.46746
206 ,103940 ,0.28315,1.41575
207 ,104446 ,0.30039,1.50194
208 ,104950 ,0.30044,1.50221
209 ,105457 ,0.29537,1.47685
210 ,105961 ,0.27321,1.36604
211 ,106466 ,0.26451,1.32253
212 ,106970 ,0.32787,1.63934
213 ,107475 ,0.29975,1.49877
214 ,107979 ,0.32292,1.61459
215 ,108484 ,0.28798,1.43992
216 ,108988 ,0.28498,1.42489
217 ,109492 ,0.28435,1.42176
218 ,109997 ,0.28983,1.44916
219 ,110502 ,0.31432,1.57158
220 ,111007 ,0.28141,1.40705
221 ,111511 ,0.44087,2.20433
222 ,112016 ,0.37801,1.89005
223 ,112520 ,0.34320,1.71601
224 ,113024 ,0.44866,2.24330
225 ,113529 ,0.32705,1.63524
226 ,114035 ,0.31033,1.55167
227 ,114541 ,0.32599,1.62997
228 ,115045 ,0.34927,1.74637
229 ,115550 ,0.33700,1.68502
230 ,116054 ,0.33055,1.65277
231 ,116558 ,0.33544,1.67719
232 ,117063 ,0.34664,1.73322
233 ,117567 ,0.35378,1.76891
234 ,118071 ,0.35247,1.76233
235 ,118576 ,0.40569,2.02845
236 ,119081 ,0.40788,2.03938
237 ,119587 ,0.34048,1.70242
238 ,120091 ,0.29168,1.45839
239 ,120596 ,0.31810,1.59048
240 ,121100 ,0.30082,1.50409
241 ,121604 ,0.31013,1.55065
242 ,122110 ,0.31781,1.58906
243 ,122617 ,0.47730,2.38651
244 ,123121 ,0.35841,1.79207
245 ,123626 ,0.39873,1.99366
246 ,124130 ,0.42008,2.10040
247 ,124634 ,0.36166,1.80829
248 ,125140 ,0.40688,2.03438
249 ,125644 ,0.37482,1.87408
250 ,126149 ,0.42296,2.11480
251 ,126653 ,0.37607,1.88034
252 ,127157 ,0.32968,1.64839
253 ,127662 ,0.34130,1.70648
254 ,128167 ,0.35179,1.75895
255 ,128671 ,0.33406,1.67030
256 ,129176 ,0.33544,1.67719
257 ,129680 ,0.33093,1.65465
258 ,130184 ,0.33312,1.66561
259 ,130689 ,0.35048,1.75239
260 ,131196 ,0.34139,1.70693
261 ,131700 ,0.35985,1.79927
262 ,132204 ,0.32505,1.62523
263 ,132709 ,0.33318,1.66592
264 ,133213 ,0.34151,1.70755
265 ,133718 ,0.42980,2.14899
266 ,134222 ,0.36148,1.80741
267 ,134726 ,0.49233,2.46163
268 ,135231 ,0.55061,2.75306
269 ,135735 ,0.35660,1.78299
270 ,136239 ,0.49638,2.48189
271 ,136745 ,0.53654,2.68269
272 ,137249 ,0.45163,2.25817
273 ,137754 ,0.25862,1.29311
274 ,138258 ,0.27102,1.35509
